# Atmosphere transmission (at zenith)
# Source: ESO skycalc (via https://github.com/StuartLittlefair/ucam_thruput/blob/master/ucam_thruput/data/atmos.txt)
# Wavelength(nm) Throughput(0-1)
3.000000000000000000e+03 3.384562209511739889e-02
3.010000000000000000e+03 4.606657963447011173e-02
3.020000000000000000e+03 5.962390954584037561e-02
3.030000000000000000e+03 8.132983198215401610e-02
3.040000000000000000e+03 9.473694252347224232e-02
3.050000000000000000e+03 1.225714202669122149e-01
3.060000000000000000e+03 1.413778691454539993e-01
3.070000000000000000e+03 1.648521901442578652e-01
3.080000000000000000e+03 1.884616437269394651e-01
3.090000000000000000e+03 2.052009689804575321e-01
3.100000000000000000e+03 2.414922070185003267e-01
3.110000000000000000e+03 2.571218132406788981e-01
3.120000000000000000e+03 2.811287046998138806e-01
3.130000000000000000e+03 3.048607725340070074e-01
3.140000000000000000e+03 3.144041072911161194e-01
3.150000000000000000e+03 3.448131815165136338e-01
3.160000000000000000e+03 3.528222856326209689e-01
3.170000000000000000e+03 3.753220372382515269e-01
3.180000000000000000e+03 3.819525591093834715e-01
3.190000000000000000e+03 4.153512097640514322e-01
3.200000000000000000e+03 4.005186831885503285e-01
3.210000000000000000e+03 4.419695097122410821e-01
3.220000000000000000e+03 4.287958584991391486e-01
3.230000000000000000e+03 4.438221354821375586e-01
3.240000000000000000e+03 4.748878602506842461e-01
3.250000000000000000e+03 4.530609863763098155e-01
3.260000000000000000e+03 4.810606401351286698e-01
3.270000000000000000e+03 4.944459572372190137e-01
3.280000000000000000e+03 4.769559540377305007e-01
3.290000000000000000e+03 5.071797507882376266e-01
3.300000000000000000e+03 5.152609183539965665e-01
3.310000000000000000e+03 5.062156296033065717e-01
3.320000000000000000e+03 5.233315089431038736e-01
3.330000000000000000e+03 5.294470947896707802e-01
3.340000000000000000e+03 5.253112660710136383e-01
3.350000000000000000e+03 5.395907414084422093e-01
3.360000000000000000e+03 5.456718205080588469e-01
3.370000000000000000e+03 5.457387828497596294e-01
3.380000000000000000e+03 5.505154541602874652e-01
3.390000000000000000e+03 5.578883599105400881e-01
3.400000000000000000e+03 5.595171170884533085e-01
3.410000000000000000e+03 5.643034959506758597e-01
3.420000000000000000e+03 5.694420348062989579e-01
3.430000000000000000e+03 5.728086581530892341e-01
3.440000000000000000e+03 5.734253470721638601e-01
3.450000000000000000e+03 5.798323326795516985e-01
3.460000000000000000e+03 5.843253912028171237e-01
3.470000000000000000e+03 5.882742699085814486e-01
3.480000000000000000e+03 5.916156241987285958e-01
3.490000000000000000e+03 5.954535071620499220e-01
3.500000000000000000e+03 5.987723069854642421e-01
3.510000000000000000e+03 6.021701014029658960e-01
3.520000000000000000e+03 6.048957063404371004e-01
3.530000000000000000e+03 6.086524784736258020e-01
3.540000000000000000e+03 6.120139371942230344e-01
3.550000000000000000e+03 6.151074906001020581e-01
3.560000000000000000e+03 6.181359006177146176e-01
3.570000000000000000e+03 6.208898525921849876e-01
3.580000000000000000e+03 6.237358602538156660e-01
3.590000000000000000e+03 6.264246676382373424e-01
3.600000000000000000e+03 6.290009913423838528e-01
3.610000000000000000e+03 6.320703624675018117e-01
3.620000000000000000e+03 6.357276806559977178e-01
3.630000000000000000e+03 6.394232962737388393e-01
3.640000000000000000e+03 6.427593816114546277e-01
3.650000000000000000e+03 6.458305781818092228e-01
3.660000000000000000e+03 6.488578335747083869e-01
3.670000000000000000e+03 6.517507100014174881e-01
3.680000000000000000e+03 6.545897297137674986e-01
3.690000000000000000e+03 6.573916242465687176e-01
3.700000000000000000e+03 6.601654720875860249e-01
3.710000000000000000e+03 6.629115053362744092e-01
3.720000000000000000e+03 6.656299567585590715e-01
3.730000000000000000e+03 6.683211189763739180e-01
3.740000000000000000e+03 6.709493212834809484e-01
3.750000000000000000e+03 6.735725154454947905e-01
3.760000000000000000e+03 6.760905446779099659e-01
3.770000000000000000e+03 6.784816256511131405e-01
3.780000000000000000e+03 6.807001505710794653e-01
3.790000000000000000e+03 6.828581925984663625e-01
3.800000000000000000e+03 6.851589071803440012e-01
3.810000000000000000e+03 6.878049815957796298e-01
3.820000000000000000e+03 6.906501050157582977e-01
3.830000000000000000e+03 6.934196470394474732e-01
3.840000000000000000e+03 6.960089230372903391e-01
3.850000000000000000e+03 6.985043887931248197e-01
3.860000000000000000e+03 7.009062700691736092e-01
3.870000000000000000e+03 7.032562039948825339e-01
3.880000000000000000e+03 7.055651745236396488e-01
3.890000000000000000e+03 7.078505282844747004e-01
3.900000000000000000e+03 7.101124516978716272e-01
3.910000000000000000e+03 7.123692321219768919e-01
3.920000000000000000e+03 7.146004922437863005e-01
3.930000000000000000e+03 7.167937527571236478e-01
3.940000000000000000e+03 7.189645318290605047e-01
3.950000000000000000e+03 7.211130487907647657e-01
3.960000000000000000e+03 7.232392871703914317e-01
3.970000000000000000e+03 7.253242759438487397e-01
3.980000000000000000e+03 7.274160278398331680e-01
3.990000000000000000e+03 7.294798696346226352e-01
4.000000000000000000e+03 7.315005675560712906e-01
4.010000000000000000e+03 7.336322021216487022e-01
4.020000000000000000e+03 7.357448769114154352e-01
4.030000000000000000e+03 7.378372702221766000e-01
4.040000000000000000e+03 7.399102450559879030e-01
4.050000000000000000e+03 7.419629817835758923e-01
4.060000000000000000e+03 7.439925961667582799e-01
4.070000000000000000e+03 7.460227842500073425e-01
4.080000000000000000e+03 7.480127034047449053e-01
4.090000000000000000e+03 7.499761298027819434e-01
4.100000000000000000e+03 7.518914348383286539e-01
4.110000000000000000e+03 7.538272757764589160e-01
4.120000000000000000e+03 7.557443165727474321e-01
4.130000000000000000e+03 7.576427468539977950e-01
4.140000000000000000e+03 7.595227548170843113e-01
4.150000000000000000e+03 7.613845272161297029e-01
4.160000000000000000e+03 7.632027140022819012e-01
4.170000000000000000e+03 7.650168127532790407e-01
4.180000000000000000e+03 7.667855828281033848e-01
4.190000000000000000e+03 7.685760721899915771e-01
4.200000000000000000e+03 7.703492394827662348e-01
4.210000000000000000e+03 7.721052625812370174e-01
4.220000000000000000e+03 7.738443178590150850e-01
4.230000000000000000e+03 7.755497906834277755e-01
4.240000000000000000e+03 7.771944801766865751e-01
4.250000000000000000e+03 7.788735561825906872e-01
4.260000000000000000e+03 7.805251771255857784e-01
4.270000000000000000e+03 7.821818079431636095e-01
4.280000000000000000e+03 7.838349036355172217e-01
4.290000000000000000e+03 7.854706206612870334e-01
4.300000000000000000e+03 7.870799493177438322e-01
4.310000000000000000e+03 7.886567702817025571e-01
4.320000000000000000e+03 7.901756601551149783e-01
4.330000000000000000e+03 7.916653622645994925e-01
4.340000000000000000e+03 7.932135460271639849e-01
4.350000000000000000e+03 7.947469216989192509e-01
4.360000000000000000e+03 7.962656444651351473e-01
4.370000000000000000e+03 7.977658334667512285e-01
4.380000000000000000e+03 7.992108925652017248e-01
4.390000000000000000e+03 8.006158042977580269e-01
4.400000000000000000e+03 8.019562786301490664e-01
4.410000000000000000e+03 8.033051712598990868e-01
4.420000000000000000e+03 8.046157497661277080e-01
4.430000000000000000e+03 8.058520396206345637e-01
4.440000000000000000e+03 8.073111385527295125e-01
4.450000000000000000e+03 8.086513700164198459e-01
4.460000000000000000e+03 8.100008018238736840e-01
4.470000000000000000e+03 8.114134899242376742e-01
4.480000000000000000e+03 8.128175768296587167e-01
4.490000000000000000e+03 8.141952392688596163e-01
4.500000000000000000e+03 8.155010582283257481e-01
4.510000000000000000e+03 8.168166866976892537e-01
4.520000000000000000e+03 8.181621464306452207e-01
4.530000000000000000e+03 8.194584060828422611e-01
4.540000000000000000e+03 8.207325734897693570e-01
4.550000000000000000e+03 8.219568997798691878e-01
4.560000000000000000e+03 8.231204363299235993e-01
4.570000000000000000e+03 8.242077878234282950e-01
4.580000000000000000e+03 8.252658726918711274e-01
4.590000000000000000e+03 8.262939717016323238e-01
4.600000000000000000e+03 8.273193418747576411e-01
4.610000000000000000e+03 8.283818245497307498e-01
4.620000000000000000e+03 8.294944539685925600e-01
4.630000000000000000e+03 8.306526195220870212e-01
4.640000000000000000e+03 8.318861424367098856e-01
4.650000000000000000e+03 8.331189593529368942e-01
4.660000000000000000e+03 8.342678489189938595e-01
4.670000000000000000e+03 8.352785029755744883e-01
4.680000000000000000e+03 8.362115986196770878e-01
4.690000000000000000e+03 8.370821477991484683e-01
4.700000000000000000e+03 8.378758394986906000e-01
4.710000000000000000e+03 8.386806555887300618e-01
4.720000000000000000e+03 8.394400347501903559e-01
4.730000000000000000e+03 8.401419676529335856e-01
4.740000000000000000e+03 8.407275163111123106e-01
4.750000000000000000e+03 8.409675378659733358e-01
4.760000000000000000e+03 8.408370384152211718e-01
4.770000000000000000e+03 8.409617794273573921e-01
4.780000000000000000e+03 8.419135764274878753e-01
4.790000000000000000e+03 8.433360078425222728e-01
4.800000000000000000e+03 8.448318506643892611e-01
4.810000000000000000e+03 8.462857599561091071e-01
4.820000000000000000e+03 8.476466507127180527e-01
4.830000000000000000e+03 8.489505158905167326e-01
4.840000000000000000e+03 8.502702453376798086e-01
4.850000000000000000e+03 8.515018087478000153e-01
4.860000000000000000e+03 8.526634932317919136e-01
4.870000000000000000e+03 8.536955429551033037e-01
4.880000000000000000e+03 8.546271857962206564e-01
4.890000000000000000e+03 8.554017161603634234e-01
4.900000000000000000e+03 8.561293651133243809e-01
4.910000000000000000e+03 8.569047349080441967e-01
4.920000000000000000e+03 8.577198423478807898e-01
4.930000000000000000e+03 8.585308186516124040e-01
4.940000000000000000e+03 8.593069569317198786e-01
4.950000000000000000e+03 8.600597897978840001e-01
4.960000000000000000e+03 8.607100158439935367e-01
4.970000000000000000e+03 8.612807418828670736e-01
4.980000000000000000e+03 8.617614357228225996e-01
4.990000000000000000e+03 8.621156640985259134e-01
5.000000000000000000e+03 8.623803269952169392e-01
5.010000000000000000e+03 8.626077601732782263e-01
5.020000000000000000e+03 8.627807364976161075e-01
5.030000000000000000e+03 8.629191924123053026e-01
5.040000000000000000e+03 8.625102078783187798e-01
5.050000000000000000e+03 8.638821196096800881e-01
5.060000000000000000e+03 8.644194036797440139e-01
5.070000000000000000e+03 8.652261889382215632e-01
5.080000000000000000e+03 8.662497389096058820e-01
5.090000000000000000e+03 8.673085764850787527e-01
5.100000000000000000e+03 8.682802276916906647e-01
5.110000000000000000e+03 8.691730537065890383e-01
5.120000000000000000e+03 8.698511576385071775e-01
5.130000000000000000e+03 8.704321792175178096e-01
5.140000000000000000e+03 8.709605955693570101e-01
5.150000000000000000e+03 8.714513374682826274e-01
5.160000000000000000e+03 8.719597682902002767e-01
5.170000000000000000e+03 8.724812806610208193e-01
5.180000000000000000e+03 8.729970325210530957e-01
5.190000000000000000e+03 8.734753800146145553e-01
5.200000000000000000e+03 8.739378718057601025e-01
5.210000000000000000e+03 8.742681461672383580e-01
5.220000000000000000e+03 8.745326181682403499e-01
5.230000000000000000e+03 8.746837321000519028e-01
5.240000000000000000e+03 8.747165257975554331e-01
5.250000000000000000e+03 8.747125064778805692e-01
5.260000000000000000e+03 8.747641176137990193e-01
5.270000000000000000e+03 8.746923869637834859e-01
5.280000000000000000e+03 8.747013716722265020e-01
5.290000000000000000e+03 8.747066203560653896e-01
5.300000000000000000e+03 8.747928170426699790e-01
5.310000000000000000e+03 8.749491441266497027e-01
5.320000000000000000e+03 8.752353456581264401e-01
5.330000000000000000e+03 8.756593016191175360e-01
5.340000000000000000e+03 8.762523604062352200e-01
5.350000000000000000e+03 8.769862746662218100e-01
5.360000000000000000e+03 8.777634367954134653e-01
5.370000000000000000e+03 8.784429531627224730e-01
5.380000000000000000e+03 8.790138714186103153e-01
5.390000000000000000e+03 8.794518616709646741e-01
5.400000000000000000e+03 8.797728500855098721e-01
5.410000000000000000e+03 8.798774274460293698e-01
5.420000000000000000e+03 8.800830410074907961e-01
5.430000000000000000e+03 8.805227118894215499e-01
5.440000000000000000e+03 8.805656637727253822e-01
5.450000000000000000e+03 8.809533215739894230e-01
5.460000000000000000e+03 8.811126324085684081e-01
5.470000000000000000e+03 8.816081522156227201e-01
5.480000000000000000e+03 8.820253060037563930e-01
5.490000000000000000e+03 8.824474447609017558e-01
5.500000000000000000e+03 8.827971700849936987e-01
5.510000000000000000e+03 8.831477698516999597e-01
5.520000000000000000e+03 8.834618214541940517e-01
5.530000000000000000e+03 8.837301611033407944e-01
5.540000000000000000e+03 8.839492227565175497e-01
5.550000000000000000e+03 8.841084782057127001e-01
5.560000000000000000e+03 8.842041983942933170e-01
5.570000000000000000e+03 8.842278659165561105e-01
5.580000000000000000e+03 8.841819432482712626e-01
5.590000000000000000e+03 8.840290956830497704e-01
5.600000000000000000e+03 8.838533765743663562e-01
5.610000000000000000e+03 8.836420157217796945e-01
5.620000000000000000e+03 8.833986619567043563e-01
5.630000000000000000e+03 8.831611879245485630e-01
5.640000000000000000e+03 8.829359809701285977e-01
5.650000000000000000e+03 8.827118040799890597e-01
5.660000000000000000e+03 8.824581180486260612e-01
5.670000000000000000e+03 8.821418106692868744e-01
5.680000000000000000e+03 8.816051627602312646e-01
5.690000000000000000e+03 8.804662498499733481e-01
5.700000000000000000e+03 8.802531098568736612e-01
5.710000000000000000e+03 8.802306710385472410e-01
5.720000000000000000e+03 8.793941232861913759e-01
5.730000000000000000e+03 8.791125181382797305e-01
5.740000000000000000e+03 8.789552378080075501e-01
5.750000000000000000e+03 8.789165365129614216e-01
5.760000000000000000e+03 8.792104715213839849e-01
5.770000000000000000e+03 8.796987176125442565e-01
5.780000000000000000e+03 8.805752231178022305e-01
5.790000000000000000e+03 8.818834824537131745e-01
5.800000000000000000e+03 8.837546981011603631e-01
5.810000000000000000e+03 8.857741971436724482e-01
5.820000000000000000e+03 8.875196215402945121e-01
5.830000000000000000e+03 8.889836379665124744e-01
5.840000000000000000e+03 8.901612023599382306e-01
5.850000000000000000e+03 8.911470426114717069e-01
5.860000000000000000e+03 8.919018656862780503e-01
5.870000000000000000e+03 8.923648069182825715e-01
5.880000000000000000e+03 8.915922859889459096e-01
5.890000000000000000e+03 8.890849038817716377e-01
5.900000000000000000e+03 8.896494410444838463e-01
5.910000000000000000e+03 8.914553257705193356e-01
5.920000000000000000e+03 8.904143034911857768e-01
5.930000000000000000e+03 8.914321029107669103e-01
5.940000000000000000e+03 8.911236735334540082e-01
5.950000000000000000e+03 8.905333102526944433e-01
5.960000000000000000e+03 8.920254260647451083e-01
5.970000000000000000e+03 8.918213480276547811e-01
5.980000000000000000e+03 8.922642424461819655e-01
5.990000000000000000e+03 8.926162437491890200e-01
6.000000000000000000e+03 8.931600904427554610e-01
6.010000000000000000e+03 8.936692477921254207e-01
6.020000000000000000e+03 8.939482550334665323e-01
6.030000000000000000e+03 8.944405693489033693e-01
6.040000000000000000e+03 8.950383804214536720e-01
6.050000000000000000e+03 8.956195462939291474e-01
6.060000000000000000e+03 8.962938518344967243e-01
6.070000000000000000e+03 8.970380122668057954e-01
6.080000000000000000e+03 8.978369589316222976e-01
6.090000000000000000e+03 8.986515535392288756e-01
6.100000000000000000e+03 8.995069845483419924e-01
6.110000000000000000e+03 9.003412180128498310e-01
6.120000000000000000e+03 9.011345775592489726e-01
6.130000000000000000e+03 9.018801602542728668e-01
6.140000000000000000e+03 9.025888853337283857e-01
6.150000000000000000e+03 9.032611991287391451e-01
6.160000000000000000e+03 9.039053054530316045e-01
6.170000000000000000e+03 9.044895689014562645e-01
6.180000000000000000e+03 9.050234057564517931e-01
6.190000000000000000e+03 9.054779290059093988e-01
6.200000000000000000e+03 9.058559180790836107e-01
6.210000000000000000e+03 9.061678772206459564e-01
6.220000000000000000e+03 9.064258559349640532e-01
6.230000000000000000e+03 9.066107220792510857e-01
6.240000000000000000e+03 9.067914637375922293e-01
6.250000000000000000e+03 9.069210006941361701e-01
6.260000000000000000e+03 9.070520241073845025e-01
6.270000000000000000e+03 9.070249845579998471e-01
6.280000000000000000e+03 8.854992889595789674e-01
6.290000000000000000e+03 8.994247637633536741e-01
6.300000000000000000e+03 8.984003207614659203e-01
6.310000000000000000e+03 9.050620416177106442e-01
6.320000000000000000e+03 9.076869106807784471e-01
6.330000000000000000e+03 9.101528238285476746e-01
6.340000000000000000e+03 9.118734030465613927e-01
6.350000000000000000e+03 9.131508684311221424e-01
6.360000000000000000e+03 9.144208996405051026e-01
6.370000000000000000e+03 9.155920220582137725e-01
6.380000000000000000e+03 9.168103647453438310e-01
6.390000000000000000e+03 9.178277996116751547e-01
6.400000000000000000e+03 9.188670283374432701e-01
6.410000000000000000e+03 9.197812076145890359e-01
6.420000000000000000e+03 9.206443137160448265e-01
6.430000000000000000e+03 9.213323359295467752e-01
6.440000000000000000e+03 9.221307983878022085e-01
6.450000000000000000e+03 9.226291299213941199e-01
6.460000000000000000e+03 9.225418639352676031e-01
6.470000000000000000e+03 9.216331704777220857e-01
6.480000000000000000e+03 9.206517651126557844e-01
6.490000000000000000e+03 9.213117491317852625e-01
6.500000000000000000e+03 9.242583034744407122e-01
6.510000000000000000e+03 9.252477127353282427e-01
6.520000000000000000e+03 9.226159927617442191e-01
6.530000000000000000e+03 9.259496820030201913e-01
6.540000000000000000e+03 9.268672644899763613e-01
6.550000000000000000e+03 9.255773755036952322e-01
6.560000000000000000e+03 9.276285963769038689e-01
6.570000000000000000e+03 9.278667879123621010e-01
6.580000000000000000e+03 9.289346582068034319e-01
6.590000000000000000e+03 9.298131202480938162e-01
6.600000000000000000e+03 9.305428875621892804e-01
6.610000000000000000e+03 9.313676767983187776e-01
6.620000000000000000e+03 9.319788966455797574e-01
6.630000000000000000e+03 9.324166296615229443e-01
6.640000000000000000e+03 9.329214141840104224e-01
6.650000000000000000e+03 9.334370720385953835e-01
6.660000000000000000e+03 9.339537064403612421e-01
6.670000000000000000e+03 9.344715294719254661e-01
6.680000000000000000e+03 9.350065691579392269e-01
6.690000000000000000e+03 9.354847376361072886e-01
6.700000000000000000e+03 9.359825104119769978e-01
6.710000000000000000e+03 9.364597969091604801e-01
6.720000000000000000e+03 9.369378377991200990e-01
6.730000000000000000e+03 9.374048099337922713e-01
6.740000000000000000e+03 9.378544034330532631e-01
6.750000000000000000e+03 9.382788149251696241e-01
6.760000000000000000e+03 9.387109775200239703e-01
6.770000000000000000e+03 9.391279547857878107e-01
6.780000000000000000e+03 9.395528897583380612e-01
6.790000000000000000e+03 9.399300681283963010e-01
6.800000000000000000e+03 9.403011687576791067e-01
6.810000000000000000e+03 9.406515134968306269e-01
6.820000000000000000e+03 9.409711500123667527e-01
6.830000000000000000e+03 9.412697415089815722e-01
6.840000000000000000e+03 9.415969980444546250e-01
6.850000000000000000e+03 9.419820353018472092e-01
6.860000000000000000e+03 9.422587797841036616e-01
6.870000000000000000e+03 7.708956569417892979e-01
6.880000000000000000e+03 8.396182702480944338e-01
6.890000000000000000e+03 8.458491991209904359e-01
6.900000000000000000e+03 8.577132634688520163e-01
6.910000000000000000e+03 8.910495067590354923e-01
6.920000000000000000e+03 9.108309558926611649e-01
6.930000000000000000e+03 9.224061768494196123e-01
6.940000000000000000e+03 9.285290593628808820e-01
6.950000000000000000e+03 9.366739894452736914e-01
6.960000000000000000e+03 9.360923427889237258e-01
6.970000000000000000e+03 9.447524756720874217e-01
6.980000000000000000e+03 9.449861348130798033e-01
6.990000000000000000e+03 9.406187931274858638e-01
7.000000000000000000e+03 9.415052288153332727e-01
7.010000000000000000e+03 9.416701020261228905e-01
7.020000000000000000e+03 9.427943408558603355e-01
7.030000000000000000e+03 9.425113813319090372e-01
7.040000000000000000e+03 9.449118657556444534e-01
7.050000000000000000e+03 9.453604775561973428e-01
7.060000000000000000e+03 9.468513041267445640e-01
7.070000000000000000e+03 9.471934781187097974e-01
7.080000000000000000e+03 9.474638002201088982e-01
7.090000000000000000e+03 9.486379228448275081e-01
7.100000000000000000e+03 9.485988340181185086e-01
7.110000000000000000e+03 9.490521822054402978e-01
7.120000000000000000e+03 9.495284790171532041e-01
7.130000000000000000e+03 9.495712317049259665e-01
7.140000000000000000e+03 9.494526172874355741e-01
7.150000000000000000e+03 9.484344788782211877e-01
7.160000000000000000e+03 9.482101940132747764e-01
7.170000000000000000e+03 9.306956251107287859e-01
7.180000000000000000e+03 9.159746727896759255e-01
7.190000000000000000e+03 8.949218466344905920e-01
7.200000000000000000e+03 9.080005432997824144e-01
7.210000000000000000e+03 9.238828778372819572e-01
7.220000000000000000e+03 9.469777158666879968e-01
7.230000000000000000e+03 9.318528621669576184e-01
7.240000000000000000e+03 9.168588664006531719e-01
7.250000000000000000e+03 9.189718045804551316e-01
7.260000000000000000e+03 9.307751682782805513e-01
7.270000000000000000e+03 9.259141557822266888e-01
7.280000000000000000e+03 9.235568673012268803e-01
7.290000000000000000e+03 9.298116454589470115e-01
7.300000000000000000e+03 9.405044464826050055e-01
7.310000000000000000e+03 9.306788666615209982e-01
7.320000000000000000e+03 9.415954504576243833e-01
7.330000000000000000e+03 9.491008928033363157e-01
7.340000000000000000e+03 9.505017165348792485e-01
7.350000000000000000e+03 9.502979510289696341e-01
7.360000000000000000e+03 9.511786275302341886e-01
7.370000000000000000e+03 9.509099641014361337e-01
7.380000000000000000e+03 9.541434794770800032e-01
7.390000000000000000e+03 9.535489237933293394e-01
7.400000000000000000e+03 9.552715158637786752e-01
7.410000000000000000e+03 9.559843182753590130e-01
7.420000000000000000e+03 9.565495069677872886e-01
7.430000000000000000e+03 9.568606379939107454e-01
7.440000000000000000e+03 9.572182643256024193e-01
7.450000000000000000e+03 9.574974249029617468e-01
7.460000000000000000e+03 9.576111510510882940e-01
7.470000000000000000e+03 9.578047414242520929e-01
7.480000000000000000e+03 9.580057866578474135e-01
7.490000000000000000e+03 9.582345689869844474e-01
7.500000000000000000e+03 9.584735249256642886e-01
7.510000000000000000e+03 9.587489682136858260e-01
7.520000000000000000e+03 9.590268791268931059e-01
7.530000000000000000e+03 9.593142962078123892e-01
7.540000000000000000e+03 9.595651825098970855e-01
7.550000000000000000e+03 9.598231186130021797e-01
7.560000000000000000e+03 9.600518662979005136e-01
7.570000000000000000e+03 9.602597420664599204e-01
7.580000000000000000e+03 9.604557701564866434e-01
7.590000000000000000e+03 9.588507284578282608e-01
7.600000000000000000e+03 4.445892744770204574e-01
7.610000000000000000e+03 3.464629469221647273e-01
7.620000000000000000e+03 7.234609466320016669e-01
7.630000000000000000e+03 5.130664141772861564e-01
7.640000000000000000e+03 6.342308281713391338e-01
7.650000000000000000e+03 7.100713202326967011e-01
7.660000000000000000e+03 7.951000587916836615e-01
7.670000000000000000e+03 8.669894800853603645e-01
7.680000000000000000e+03 9.258281606250560181e-01
7.690000000000000000e+03 9.401801064479917702e-01
7.700000000000000000e+03 9.534700986593777072e-01
7.710000000000000000e+03 9.594694937666230494e-01
7.720000000000000000e+03 9.609275225655511399e-01
7.730000000000000000e+03 9.614092896258317200e-01
7.740000000000000000e+03 9.618463177639187123e-01
7.750000000000000000e+03 9.621915342007605343e-01
7.760000000000000000e+03 9.624012105648871440e-01
7.770000000000000000e+03 9.625566548817555690e-01
7.780000000000000000e+03 9.626291713894035151e-01
7.790000000000000000e+03 9.627482044602776456e-01
7.800000000000000000e+03 9.628849917838963046e-01
7.810000000000000000e+03 9.630712758416646313e-01
7.820000000000000000e+03 9.632156957593345226e-01
7.830000000000000000e+03 9.634120095670234418e-01
7.840000000000000000e+03 9.635169818857919344e-01
7.850000000000000000e+03 9.636347352792473675e-01
7.860000000000000000e+03 9.636632030871113974e-01
7.870000000000000000e+03 9.624370528142669468e-01
7.880000000000000000e+03 9.622386977584632684e-01
7.890000000000000000e+03 9.615226370299349012e-01
7.900000000000000000e+03 9.588492601149730676e-01
7.910000000000000000e+03 9.612873824475391960e-01
7.920000000000000000e+03 9.616823910472632742e-01
7.930000000000000000e+03 9.614176009981671989e-01
7.940000000000000000e+03 9.648592781544622632e-01
7.950000000000000000e+03 9.643032721924081896e-01
7.960000000000000000e+03 9.608556505371312895e-01
7.970000000000000000e+03 9.611252120669965260e-01
7.980000000000000000e+03 9.643643081390207428e-01
7.990000000000000000e+03 9.634924273325735644e-01
8.000000000000000000e+03 9.624629404486375606e-01
8.010000000000000000e+03 9.623474522119793706e-01
8.020000000000000000e+03 9.625601672204743275e-01
8.030000000000000000e+03 9.624008333200950727e-01
8.040000000000000000e+03 9.630293393092305143e-01
8.050000000000000000e+03 9.637590695345639169e-01
8.060000000000000000e+03 9.653507260263947121e-01
8.070000000000000000e+03 9.649659048584523502e-01
8.080000000000000000e+03 9.654206654567801804e-01
8.090000000000000000e+03 9.643425826169567117e-01
8.100000000000000000e+03 9.632174286150381182e-01
8.110000000000000000e+03 9.620425249867484707e-01
8.120000000000000000e+03 9.590334936911417696e-01
8.130000000000000000e+03 9.564205851304136141e-01
8.140000000000000000e+03 9.371013434613560955e-01
8.150000000000000000e+03 9.362838216406024205e-01
8.160000000000000000e+03 9.146025771568530027e-01
8.170000000000000000e+03 9.191905307692822547e-01
8.180000000000000000e+03 9.184811823171115108e-01
8.190000000000000000e+03 9.379168988043679045e-01
8.200000000000000000e+03 9.270157462366837020e-01
8.210000000000000000e+03 9.598824630297626559e-01
8.220000000000000000e+03 9.544335952123226274e-01
8.230000000000000000e+03 8.772842446640205516e-01
8.240000000000000000e+03 9.500629046232098585e-01
8.250000000000000000e+03 9.533897098399766179e-01
8.260000000000000000e+03 9.459952027201207203e-01
8.270000000000000000e+03 9.567518484687975722e-01
8.280000000000000000e+03 9.260780502563169536e-01
8.290000000000000000e+03 9.470569861846077631e-01
8.300000000000000000e+03 9.469135304664061392e-01
8.310000000000000000e+03 9.480868668660848986e-01
8.320000000000000000e+03 9.407192102843708881e-01
8.330000000000000000e+03 9.618056938585172189e-01
8.340000000000000000e+03 9.554491654174342985e-01
8.350000000000000000e+03 9.662813128484526448e-01
8.360000000000000000e+03 9.604468338582203835e-01
8.370000000000000000e+03 9.671006563604059858e-01
8.380000000000000000e+03 9.655180051913345718e-01
8.390000000000000000e+03 9.674263319951400542e-01
8.400000000000000000e+03 9.680756851773492100e-01
8.410000000000000000e+03 9.673636652753837550e-01
8.420000000000000000e+03 9.685143966737564947e-01
8.430000000000000000e+03 9.695069128869238106e-01
8.440000000000000000e+03 9.689055203370406932e-01
8.450000000000000000e+03 9.701430333165019793e-01
8.460000000000000000e+03 9.702237618461231339e-01
8.470000000000000000e+03 9.707875752767166633e-01
8.480000000000000000e+03 9.702041371970420158e-01
8.490000000000000000e+03 9.703669448430223277e-01
8.500000000000000000e+03 9.705472694172555537e-01
8.510000000000000000e+03 9.696960410491739513e-01
8.520000000000000000e+03 9.703120793620585438e-01
8.530000000000000000e+03 9.706463792670028123e-01
8.540000000000000000e+03 9.702260376041588197e-01
8.550000000000000000e+03 9.710678834451453856e-01
8.560000000000000000e+03 9.708640425395036466e-01
8.570000000000000000e+03 9.712973533883758614e-01
8.580000000000000000e+03 9.713889583318712218e-01
8.590000000000000000e+03 9.715666088764511876e-01
8.600000000000000000e+03 9.719156790012972724e-01
8.610000000000000000e+03 9.719847944789375971e-01
8.620000000000000000e+03 9.721437435081849987e-01
8.630000000000000000e+03 9.721996774823346010e-01
8.640000000000000000e+03 9.724473627476578619e-01
8.650000000000000000e+03 9.725806877511253834e-01
8.660000000000000000e+03 9.726669337347181310e-01
8.670000000000000000e+03 9.727790833461867903e-01
8.680000000000000000e+03 9.729069595016182070e-01
8.690000000000000000e+03 9.729930097436114700e-01
8.700000000000000000e+03 9.731304720259824625e-01
8.710000000000000000e+03 9.732047832796301146e-01
8.720000000000000000e+03 9.733222358042906697e-01
8.730000000000000000e+03 9.734149330300897462e-01
8.740000000000000000e+03 9.734744960223448151e-01
8.750000000000000000e+03 9.735524586959936055e-01
8.760000000000000000e+03 9.735979641178341693e-01
8.770000000000000000e+03 9.736845045797527520e-01
8.780000000000000000e+03 9.736834300274112008e-01
8.790000000000000000e+03 9.737573365896347033e-01
8.800000000000000000e+03 9.738497550322348095e-01
8.810000000000000000e+03 9.735910436381262079e-01
8.820000000000000000e+03 9.736193101641528180e-01
8.830000000000000000e+03 9.738859578316312327e-01
8.840000000000000000e+03 9.738958677134488262e-01
8.850000000000000000e+03 9.738877300277788418e-01
8.860000000000000000e+03 9.730479138425507379e-01
8.870000000000000000e+03 9.736940683427341980e-01
8.880000000000000000e+03 9.728374498640578460e-01
8.890000000000000000e+03 9.744386086133698388e-01
8.900000000000000000e+03 9.731936787021518986e-01
8.910000000000000000e+03 9.739005099255191311e-01
8.920000000000000000e+03 9.725927811614831775e-01
8.930000000000000000e+03 9.686571034606721309e-01
8.940000000000000000e+03 9.658977519539666545e-01
8.950000000000000000e+03 9.586340263990087429e-01
8.960000000000000000e+03 9.440835399458332722e-01
8.970000000000000000e+03 9.185844607555062602e-01
8.980000000000000000e+03 9.316281136030134524e-01
8.990000000000000000e+03 8.684899619672109550e-01
9.000000000000000000e+03 9.352442051374506571e-01
9.010000000000000000e+03 9.109953450633130334e-01
9.020000000000000000e+03 9.260230331278501703e-01
9.030000000000000000e+03 9.165823782137474396e-01
9.040000000000000000e+03 9.668044309628671673e-01
9.050000000000000000e+03 9.615293706161937015e-01
9.060000000000000000e+03 9.502627178815447051e-01
9.070000000000000000e+03 9.117718699486283551e-01
9.080000000000000000e+03 9.199594793076112387e-01
9.090000000000000000e+03 9.280567563637518447e-01
9.100000000000000000e+03 9.215518867586099949e-01
9.110000000000000000e+03 9.343641535641314944e-01
9.120000000000000000e+03 9.305790358182671751e-01
9.130000000000000000e+03 9.232542087971846723e-01
9.140000000000000000e+03 9.160581198092268007e-01
9.150000000000000000e+03 9.462027901942138275e-01
9.160000000000000000e+03 9.013066410855219424e-01
9.170000000000000000e+03 9.518349864387133374e-01
9.180000000000000000e+03 9.109426119608156069e-01
9.190000000000000000e+03 9.484610894920386670e-01
9.200000000000000000e+03 9.483815287363023261e-01
9.210000000000000000e+03 9.636667879255936819e-01
9.220000000000000000e+03 9.477940654699906764e-01
9.230000000000000000e+03 9.619932402237415525e-01
9.240000000000000000e+03 9.530023884000312639e-01
9.250000000000000000e+03 9.472970835328390349e-01
9.260000000000000000e+03 9.551997597068280221e-01
9.270000000000000000e+03 9.656463847932149624e-01
9.280000000000000000e+03 9.234442763465213755e-01
9.290000000000000000e+03 9.172874666239309027e-01
9.300000000000000000e+03 8.612695796680203131e-01
9.310000000000000000e+03 8.287840703819260302e-01
9.320000000000000000e+03 7.680898466653910406e-01
9.330000000000000000e+03 7.325886079615270274e-01
9.340000000000000000e+03 6.875517092852171386e-01
9.350000000000000000e+03 6.981030581171028260e-01
9.360000000000000000e+03 6.430487021860128438e-01
9.370000000000000000e+03 6.776087661093442849e-01
9.380000000000000000e+03 7.257188733383154178e-01
9.390000000000000000e+03 8.387807833171837535e-01
9.400000000000000000e+03 8.850015951118066493e-01
9.410000000000000000e+03 8.445915907936550893e-01
9.420000000000000000e+03 8.509946503436610632e-01
9.430000000000000000e+03 7.341794840155708712e-01
9.440000000000000000e+03 7.514384663603247416e-01
9.450000000000000000e+03 8.354413623883004680e-01
9.460000000000000000e+03 7.023555999814403705e-01
9.470000000000000000e+03 8.503357189929549032e-01
9.480000000000000000e+03 7.475086496971177219e-01
9.490000000000000000e+03 9.107448090731681267e-01
9.500000000000000000e+03 6.540806813072487236e-01
9.510000000000000000e+03 9.315280557905174508e-01
9.520000000000000000e+03 7.673802522874167975e-01
9.530000000000000000e+03 8.258890463049982644e-01
9.540000000000000000e+03 8.706541374725629279e-01
9.550000000000000000e+03 8.350778558192505363e-01
9.560000000000000000e+03 8.190451621606054111e-01
9.570000000000000000e+03 7.938936134276847190e-01
9.580000000000000000e+03 8.674285146177833639e-01
9.590000000000000000e+03 8.467763796934062448e-01
9.600000000000000000e+03 8.758276937206400659e-01
9.610000000000000000e+03 8.793711728670255967e-01
9.620000000000000000e+03 8.731010041344113848e-01
9.630000000000000000e+03 8.969977731260320164e-01
9.640000000000000000e+03 8.857959209008611223e-01
9.650000000000000000e+03 8.966153667186285148e-01
9.660000000000000000e+03 9.083767813713745642e-01
9.670000000000000000e+03 9.026186656396854024e-01
9.680000000000000000e+03 9.442259896666376218e-01
9.690000000000000000e+03 9.621056093522921682e-01
9.700000000000000000e+03 9.466585450582513106e-01
9.710000000000000000e+03 9.680819783245006027e-01
9.720000000000000000e+03 9.540313222827975226e-01
9.730000000000000000e+03 9.442252752437293450e-01
9.740000000000000000e+03 9.331273169623089947e-01
9.750000000000000000e+03 9.249417658393265240e-01
9.760000000000000000e+03 9.265587943590520847e-01
9.770000000000000000e+03 9.475384106183422084e-01
9.780000000000000000e+03 9.505113647046823377e-01
9.790000000000000000e+03 9.448346497716967329e-01
9.800000000000000000e+03 9.368019811708736544e-01
9.810000000000000000e+03 9.700876703847057803e-01
9.820000000000000000e+03 9.669844245760298440e-01
9.830000000000000000e+03 9.580842827203969181e-01
9.840000000000000000e+03 9.768700260795617485e-01
9.850000000000000000e+03 9.647396016168754418e-01
9.860000000000000000e+03 9.777458611293111668e-01
9.870000000000000000e+03 9.764839208876523458e-01
9.880000000000000000e+03 9.752686814605165955e-01
9.890000000000000000e+03 9.792874863605062208e-01
9.900000000000000000e+03 9.762465873185218745e-01
9.910000000000000000e+03 9.789808282498582148e-01
9.920000000000000000e+03 9.794322403239288377e-01
9.930000000000000000e+03 9.775866063896437863e-01
9.940000000000000000e+03 9.796104847835589435e-01
9.950000000000000000e+03 9.801107597651231851e-01
9.960000000000000000e+03 9.799703008841359475e-01
9.970000000000000000e+03 9.800626268186656276e-01
9.980000000000000000e+03 9.801121319245256203e-01
9.990000000000000000e+03 9.801018701303577663e-01
1.000000000000000000e+04 9.794886553149954045e-01
1.000999999999999818e+04 9.803298854073084767e-01
1.002000000000000000e+04 9.780669055949808843e-01
1.002999999999999818e+04 9.801967258580898124e-01
1.004000000000000000e+04 9.796609065338328648e-01
1.004999999999999818e+04 9.806753399071114208e-01
1.006000000000000000e+04 9.801520973125135150e-01
1.006999999999999818e+04 9.804840359868953747e-01
1.008000000000000000e+04 9.799563896999228252e-01
1.008999999999999818e+04 9.796288642204212804e-01
1.010000000000000000e+04 9.792094482998854321e-01
1.010999999999999818e+04 9.808090572039009913e-01
1.012000000000000000e+04 9.802289272533152298e-01
1.012999999999999818e+04 9.809014096522737924e-01
1.014000000000000000e+04 9.808825136385199706e-01
1.014999999999999818e+04 9.809567864054534736e-01
1.016000000000000000e+04 9.807938759951013719e-01
1.016999999999999818e+04 9.807332760960469908e-01
1.018000000000000000e+04 9.813095717711830535e-01
1.018999999999999818e+04 9.801032142042734874e-01
1.020000000000000000e+04 9.812780557152496197e-01
1.020999999999999818e+04 9.812812528569385684e-01
1.022000000000000000e+04 9.810223657177270518e-01
1.022999999999999818e+04 9.809743710679402762e-01
1.024000000000000000e+04 9.799344425098129863e-01
1.025000000000000000e+04 9.814307986690991026e-01
1.026000000000000000e+04 9.811554594722797784e-01
1.027000000000000000e+04 9.813109233748272819e-01
1.028000000000000000e+04 9.811689581505956825e-01
1.029000000000000000e+04 9.811454593107653555e-01
1.030000000000000000e+04 9.815876065013432461e-01
1.031000000000000000e+04 9.814417717364546379e-01
1.032000000000000000e+04 9.816941516621292552e-01
1.033000000000000000e+04 9.816132307506920673e-01
1.034000000000000000e+04 9.817093230813368487e-01
1.035000000000000000e+04 9.817332123193743820e-01
1.036000000000000000e+04 9.816605568344429766e-01
1.037000000000000000e+04 9.814503562583192231e-01
1.038000000000000000e+04 9.816388361866168477e-01
1.039000000000000000e+04 9.815830393766662443e-01
1.040000000000000000e+04 9.815793315278708020e-01
1.041000000000000000e+04 9.815462663724748849e-01
1.042000000000000000e+04 9.815738278707136777e-01
1.043000000000000000e+04 9.815536468615194687e-01
1.044000000000000000e+04 9.815088434783835192e-01
1.045000000000000000e+04 9.814218368575430285e-01
1.046000000000000000e+04 9.813121040197587686e-01
1.047000000000000000e+04 9.812132823832404593e-01
1.048000000000000000e+04 9.810955155955498608e-01
1.049000000000000000e+04 9.805471383838852972e-01
1.050000000000000000e+04 9.801984845392196499e-01
1.051000000000000000e+04 9.803276224401031858e-01
1.052000000000000000e+04 9.798154863996032526e-01
1.053000000000000000e+04 9.795405589209185138e-01
1.054000000000000000e+04 9.791837835579033644e-01
1.055000000000000000e+04 9.786328125697609792e-01
1.056000000000000000e+04 9.779447581230256148e-01
1.057000000000000000e+04 9.771541493168491854e-01
1.058000000000000000e+04 9.763131677684520060e-01
1.059000000000000000e+04 9.755286132275531319e-01
1.060000000000000000e+04 9.749969813849390654e-01
1.061000000000000000e+04 9.746041663701019431e-01
1.062000000000000000e+04 9.741156848197515261e-01
1.063000000000000000e+04 9.734710877060499534e-01
1.064000000000000000e+04 9.729512322569474625e-01
1.065000000000000000e+04 9.721052370960041600e-01
1.066000000000000000e+04 9.722014250764006160e-01
1.067000000000000000e+04 9.727627980867989965e-01
1.068000000000000000e+04 9.722733674442202156e-01
1.069000000000000000e+04 9.740922901700495018e-01
1.070000000000000000e+04 9.755295841891010733e-01
1.071000000000000000e+04 9.773927618454680832e-01
1.072000000000000000e+04 9.773787312824179230e-01
1.073000000000000000e+04 9.785579725962931796e-01
1.074000000000000000e+04 9.801452089044816463e-01
1.075000000000000000e+04 9.774282559702863749e-01
1.076000000000000000e+04 9.808216964173913643e-01
1.077000000000000000e+04 9.789373483924366237e-01
1.078000000000000000e+04 9.792947883343940951e-01
1.079000000000000000e+04 9.822852363668169717e-01
1.080000000000000000e+04 9.775747764477307200e-01
1.081000000000000000e+04 9.783659222761517116e-01
1.082000000000000000e+04 9.817396741449172515e-01
1.083000000000000000e+04 9.814182587173727601e-01
1.084000000000000000e+04 9.764410395038224388e-01
1.085000000000000000e+04 9.806164524745606403e-01
1.086000000000000000e+04 9.678209320323845066e-01
1.087000000000000000e+04 9.794727908385547632e-01
1.088000000000000000e+04 9.816718738109698750e-01
1.089000000000000000e+04 9.782758088515137729e-01
1.090000000000000000e+04 9.722498515263310326e-01
1.091000000000000000e+04 9.805704534449920518e-01
1.092000000000000000e+04 9.830035502374664391e-01
1.093000000000000000e+04 9.605404563020227826e-01
1.094000000000000000e+04 9.801436016295325127e-01
1.095000000000000000e+04 9.703882991761254573e-01
1.096000000000000000e+04 9.653735610237116349e-01
1.097000000000000000e+04 9.823000455358805727e-01
1.098000000000000000e+04 9.662755818576076461e-01
1.099000000000000000e+04 9.684504166492333699e-01
1.100000000000000000e+04 9.566105038120298332e-01
1.101000000000000000e+04 9.603926939113127670e-01
1.102000000000000000e+04 9.582973348274160807e-01
1.103000000000000000e+04 9.533307669318172861e-01
1.104000000000000000e+04 9.466251609885898421e-01
1.105000000000000000e+04 9.713780069659371241e-01
1.106000000000000000e+04 9.330044182475619730e-01
1.107000000000000000e+04 9.593684401940042461e-01
1.108000000000000000e+04 9.380690077616635758e-01
1.109000000000000000e+04 9.359054643648322402e-01
1.110000000000000000e+04 9.610148516406220587e-01
1.111000000000000000e+04 8.735038775228441965e-01
1.112000000000000000e+04 9.195880097784242535e-01
1.113000000000000000e+04 8.465394624028588222e-01
1.114000000000000000e+04 8.712081368826352090e-01
1.115000000000000000e+04 8.063504342260218172e-01
1.116000000000000000e+04 8.027599064656546490e-01
1.117000000000000000e+04 6.234434796684921176e-01
1.118000000000000000e+04 8.014859054995427945e-01
1.119000000000000000e+04 6.899369720453533139e-01
1.120000000000000000e+04 7.182834590805173836e-01
1.121000000000000000e+04 8.105390633976730097e-01
1.122000000000000000e+04 6.096671039778769341e-01
1.123000000000000000e+04 7.309622386512777403e-01
1.124000000000000000e+04 6.427293860782529178e-01
1.125000000000000000e+04 7.291408667840298952e-01
1.126000000000000000e+04 5.551243284492591856e-01
1.127000000000000000e+04 7.888065252420699558e-01
1.128000000000000000e+04 7.192518977591090268e-01
1.129000000000000000e+04 7.163486675649629598e-01
1.130000000000000000e+04 6.475588837330308323e-01
1.131000000000000000e+04 9.225090239770454836e-01
1.132000000000000000e+04 8.312782941157368377e-01
1.133000000000000000e+04 8.070900849720820114e-01
1.134000000000000000e+04 5.795524096113346957e-01
1.135000000000000000e+04 3.199529121889068128e-01
1.136000000000000000e+04 7.254550344117701721e-01
1.137000000000000000e+04 9.259239689442373411e-01
1.138000000000000000e+04 8.259230746250172395e-01
1.139000000000000000e+04 8.605040233856545706e-01
1.140000000000000000e+04 8.334581969306910088e-01
1.141000000000000000e+04 8.110471737249828061e-01
1.142000000000000000e+04 8.127291354584573746e-01
1.143000000000000000e+04 9.213141725838990270e-01
1.144000000000000000e+04 6.894082739618954125e-01
1.145000000000000000e+04 7.551527730494091983e-01
1.146000000000000000e+04 8.131819368199887377e-01
1.147000000000000000e+04 6.241162072088560775e-01
1.148000000000000000e+04 8.548885628538361869e-01
1.149000000000000000e+04 8.279131752524221399e-01
1.150000000000000000e+04 7.021310588212243964e-01
1.151000000000000000e+04 8.158513538932089526e-01
1.152000000000000000e+04 8.592162935365512677e-01
1.153000000000000000e+04 7.746589787249563708e-01
1.154000000000000000e+04 7.648750444632720358e-01
1.155000000000000000e+04 8.876441369624910038e-01
1.156000000000000000e+04 8.540312478605562863e-01
1.157000000000000000e+04 8.903266493463498632e-01
1.158000000000000000e+04 8.752092434125090525e-01
1.159000000000000000e+04 8.961594134229096120e-01
1.160000000000000000e+04 8.594995991971290383e-01
1.161000000000000000e+04 9.241383809296123131e-01
1.162000000000000000e+04 9.218383562915439811e-01
1.163000000000000000e+04 9.670133256054921356e-01
1.164000000000000000e+04 9.422812531068511799e-01
1.165000000000000000e+04 9.398373695635775515e-01
1.166000000000000000e+04 9.341950085741721477e-01
1.167000000000000000e+04 9.457042816097538385e-01
1.168000000000000000e+04 9.506982868134287168e-01
1.169000000000000000e+04 9.639939164658560822e-01
1.170000000000000000e+04 9.653016769536001407e-01
1.171000000000000000e+04 9.604928104444366843e-01
1.172000000000000000e+04 9.605799030598916044e-01
1.173000000000000000e+04 9.689905649795886866e-01
1.174000000000000000e+04 9.135460894083907712e-01
1.175000000000000000e+04 9.625872573574465463e-01
1.176000000000000000e+04 9.788308005996979588e-01
1.177000000000000000e+04 9.734041202051678665e-01
1.178000000000000000e+04 9.222679289202366792e-01
1.179000000000000000e+04 9.828405127314309153e-01
1.180000000000000000e+04 9.513959178487477741e-01
1.181000000000000000e+04 9.688781182108032741e-01
1.182000000000000000e+04 8.993064754750056400e-01
1.183000000000000000e+04 9.730286545883463090e-01
1.184000000000000000e+04 9.512704241088761892e-01
1.185000000000000000e+04 9.491531020386315687e-01
1.186000000000000000e+04 9.783606392996839762e-01
1.187000000000000000e+04 9.716454519488290087e-01
1.188000000000000000e+04 9.158484260869292903e-01
1.189000000000000000e+04 9.591366819242570507e-01
1.190000000000000000e+04 9.739817551786030814e-01
1.191000000000000000e+04 9.685667486023964434e-01
1.192000000000000000e+04 9.762012782980526993e-01
1.193000000000000000e+04 9.653592710391357690e-01
1.194000000000000000e+04 9.753245193306032679e-01
1.195000000000000000e+04 9.720772463947872088e-01
1.196000000000000000e+04 9.661853657821776187e-01
1.197000000000000000e+04 9.805495112525716150e-01
1.198000000000000000e+04 9.671838420455018959e-01
1.199000000000000000e+04 9.449977669601773433e-01
1.200000000000000000e+04 9.708291887780963192e-01
