# Baader G filter transmission
# Source: Measurements of GOTO sets on La Palma
# Wavelength(nm) Throughput(0-1)
200 -3.2238206077499997e-06
201 1.0716078742500003e-06
202 -3.0986024523500002e-06
203 -2.5728835775e-06
204 -1.5998784425e-06
205 -1.4322775415e-06
206 1.2507517490000002e-06
207 -1.774664079e-06
208 -5.258649518125e-06
209 -6.812583975e-07
210 -4.544163292500001e-06
211 -1.0736133742500003e-06
212 1.3491575975e-06
213 3.2115113e-06
214 4.162133075000001e-07
215 2.77274515725e-06
216 -8.815850674999998e-07
217 1.231454217e-06
218 2.32264190775e-06
219 -2.1183342674999982e-07
220 5.373416488e-06
221 -3.4152653249999776e-08
222 4.8151842155e-06
223 1.3551471132500002e-06
224 1.3752174435500001e-06
225 -2.4051571253750005e-07
226 1.4636068182499999e-06
227 3.1250698333500005e-06
228 1.0306375599999999e-07
229 1.4760955785000001e-06
230 5.101712134000002e-07
231 1.6742423395000001e-06
232 -3.0174685914999997e-06
233 3.92789075072075e-07
234 1.2322580978000001e-06
235 1.13866067275e-06
236 6.47539046e-07
237 7.166771455000001e-07
238 -6.621684670000001e-07
239 -7.682306295e-07
240 1.4260390887499997e-07
241 -4.6439885224999994e-07
242 -3.0868281375e-06
243 -1.5398758325e-06
244 1.34751901115e-06
245 9.323031067500009e-08
246 -1.3713300275000013e-07
247 -2.4735342475e-07
248 6.377631375e-07
249 -2.24850358125e-06
250 -6.202743317500003e-07
251 -1.5059928175000005e-07
252 -2.5905218745000005e-06
253 -3.3028245420000003e-06
254 -1.1551291077499998e-06
255 -1.70435856175e-06
256 2.3680177945e-06
257 1.064821356975e-06
258 -7.8757630225e-07
259 2.7190487332e-06
260 -2.872447515e-06
261 -3.4972603237500004e-06
262 -4.27983785645e-06
263 -9.774827915e-07
264 -8.029007227500001e-07
265 -5.99405660075e-06
266 -4.0896037899999987e-07
267 -1.638304766e-06
268 -4.1828464775e-07
269 -1.83036031125e-06
270 -3.5405167609999995e-06
271 -3.3950804881499996e-06
272 -5.271481987500001e-07
273 -2.87023668365e-06
274 -2.4168423370500004e-06
275 -3.029872460000001e-07
276 1.966313939425e-06
277 4.9213407085e-06
278 1.778028154075e-06
279 9.506243474999998e-07
280 2.22422425425e-06
281 1.5234205157500001e-06
282 2.2635118114999995e-06
283 8.42684269e-07
284 5.864813357425e-06
285 9.371142702500001e-07
286 -3.9101327074999993e-07
287 6.751367039999997e-07
288 5.3521133250000186e-08
289 -4.2204477475e-07
290 2.1491103992500005e-06
291 -6.373031005000001e-07
292 1.7482050595e-06
293 -4.9526307250000125e-08
294 1.3969995650000012e-07
295 2.7250567395000004e-06
296 2.738235379125e-06
297 1.78156638925e-06
298 2.0471231601000003e-06
299 1.0500525394999997e-06
300 3.1066292177500003e-06
301 1.5229987790250004e-07
302 -4.322365863000001e-07
303 -4.383155699999992e-08
304 -1.2518499987499997e-06
305 6.465240702499999e-07
306 2.3968693850000006e-07
307 1.5260168857499998e-06
308 -5.789751632500001e-07
309 -3.23444506875e-07
310 -1.0474152987500004e-06
311 2.19519508225e-06
312 4.79276554325e-06
313 2.151007546725e-06
314 2.0803873575000004e-06
315 4.460755416e-06
316 -5.976288624499999e-07
317 3.3437900445e-06
318 -3.2869019582500004e-06
319 5.6915753495e-06
320 1.842016757825e-06
321 -6.416113857500002e-07
322 1.6960882569999998e-06
323 3.6114110825e-06
324 8.112719894499999e-06
325 4.3083823105e-06
326 2.9839719875e-07
327 -1.5247159372500002e-06
328 3.3936516317499996e-06
329 4.2456481325e-06
330 5.20014615e-06
331 3.1563227885e-06
332 6.083246440000002e-07
333 -5.67822882025e-06
334 6.215660059e-06
335 1.00560996175e-06
336 1.56170991115e-06
337 1.3758918804999998e-05
338 1.5926336449999998e-06
339 1.1148988380000001e-06
340 -2.9148202185049997e-06
341 -2.3326799475e-06
342 1.5824907175000005e-07
343 7.763670684999996e-07
344 -2.1647417360000004e-06
345 -1.91235132775e-06
346 -6.003262435e-06
347 -1.38129159975e-05
348 -3.0334293384999997e-06
349 4.51505708225e-06
350 1.7850739664999998e-06
351 4.41641379845e-06
352 -1.6200971849999998e-06
353 -2.1057674375e-06
354 2.66712578175e-06
355 1.654757543625e-06
356 -2.7417366749999997e-06
357 3.6644015889999997e-06
358 -3.96561154125e-06
359 2.51807382825e-06
360 -1.27628146225e-06
361 -2.820463723425e-06
362 3.1947519307500005e-06
363 1.2906998955e-06
364 -2.879825014999997e-07
365 9.921256411500002e-07
366 2.3011887549999994e-07
367 2.1230581190000003e-06
368 2.4771120315e-06
369 3.2939227422499997e-06
370 5.2299866375e-06
371 1.1602999763249999e-05
372 2.962582511e-05
373 3.04890601825e-05
374 1.7683493736999998e-05
375 8.82622417675e-06
376 6.366797143e-06
377 1.8657221624999999e-06
378 1.0423836685000002e-06
379 -2.22218518225e-06
380 -8.0847777175e-07
381 -1.32248068975e-06
382 -7.003656593999999e-06
383 -8.187281731e-06
384 1.0827648825000001e-07
385 -2.002773273725e-06
386 -2.7955898297499994e-07
387 -1.8272929785000002e-06
388 -5.157503490499999e-06
389 9.929517494999998e-07
390 -8.84014828225e-07
391 1.4197427275e-06
392 -2.89586241825e-06
393 -5.7995359793749996e-06
394 -2.1604274622499996e-06
395 1.2057030762500002e-06
396 9.5986283975e-07
397 2.6122819187499996e-06
398 -1.3485229522499998e-06
399 8.741262876000002e-06
400 3.0281491412499997e-05
401 4.42917813925e-05
402 3.4462413954999995e-05
403 2.7817917050000002e-05
404 3.1169901887500004e-05
405 5.059236936e-05
406 7.44206091475e-05
407 8.531925043749999e-05
408 8.05948886225e-05
409 6.4497142705e-05
410 4.9113569034999996e-05
411 3.561320873e-05
412 3.33603156625e-05
413 3.61732222725e-05
414 4.43795603525e-05
415 5.2800410517499994e-05
416 5.9562613542500005e-05
417 5.92414796825e-05
418 5.6765145004999994e-05
419 4.473579864e-05
420 4.003620733e-05
421 3.498494366e-05
422 2.9819511712499997e-05
423 3.20115838075e-05
424 2.79749505325e-05
425 3.5832670045e-05
426 3.48639238e-05
427 4.6770412929999995e-05
428 5.1187716172499996e-05
429 6.0867121447500004e-05
430 6.66108945375e-05
431 5.56453737475e-05
432 3.06361144325e-05
433 1.7257872792499997e-05
434 1.2400126617500001e-05
435 1.437784336e-05
436 2.719340846e-06
437 5.00103527825e-06
438 7.64392807475e-06
439 4.602772330750001e-06
440 1.93655532625e-06
441 2.46776976325e-06
442 7.34720511e-06
443 4.600778765e-06
444 1.09161289e-05
445 7.0276028607499995e-06
446 1.2863294352500001e-05
447 2.4785056770000004e-05
448 3.9762917729999996e-05
449 8.420808037500001e-05
450 0.00015654255740000004
451 0.0002751562048
452 0.00041103053925
453 0.000514291210175
454 0.0005364186324
455 0.000469645830475
456 0.0004021496331
457 0.00033147527262499996
458 0.000283462280175
459 0.00025376109875
460 0.00023229215249999998
461 0.000215784511925
462 0.00021913397665
463 0.000219881609125
464 0.00022786066949999998
465 0.000247008392475
466 0.0002670545347
467 0.00030134621217500003
468 0.00034301016439999994
469 0.000398837004
470 0.000469273805725
471 0.0005754955579750001
472 0.0007111704165750001
473 0.0009006359065249999
474 0.001171691193
475 0.00156298466125
476 0.00214606378175
477 0.0030125666407500003
478 0.00439238831475
479 0.0066097974779999995
480 0.010272346885
481 0.0165128016475
482 0.027412899735
483 0.04659592747750001
484 0.0789207136625
485 0.129231905925
486 0.19679208755000002
487 0.273258829125
488 0.34526144025
489 0.409037609075
490 0.46861243247499995
491 0.5329271698
492 0.6046755790999999
493 0.683980560275
494 0.7649850845249999
495 0.8384334373500001
496 0.89616140365
497 0.9337537383999999
498 0.953775444
499 0.9609423828249999
500 0.9620181084
501 0.962067775725
502 0.96314380645
503 0.9659663009999999
504 0.969874362975
505 0.973629665375
506 0.9760830688500001
507 0.9762406539999999
508 0.973952560425
509 0.97025491715
510 0.966641941075
511 0.96466913225
512 0.964584140775
513 0.96679662705
514 0.970224628475
515 0.9738130378500001
516 0.9764911079499999
517 0.976861763025
518 0.9755750274749999
519 0.9731216430749999
520 0.9696401024
521 0.9668815422000001
522 0.9655900383
523 0.965514850625
524 0.9666405296249999
525 0.9685214424249999
526 0.969985733025
527 0.9708692359750001
528 0.9710420799250001
529 0.970103321075
530 0.9678501701500001
531 0.9643114853000001
532 0.960473289475
533 0.956430301675
534 0.9530953598
535 0.9493264961000001
536 0.9463261222999999
537 0.944914913175
538 0.944532661425
539 0.94647275925
540 0.94966897965
541 0.95464990615
542 0.960029754625
543 0.965342750525
544 0.9697069931
545 0.9720339393749999
546 0.971459560375
547 0.968758583075
548 0.964510269175
549 0.9590152359249999
550 0.9530644988999999
551 0.947925071725
552 0.94523309705
553 0.9434926033250001
554 0.943572406775
555 0.9456119918749999
556 0.9489606094249999
557 0.9531073761
558 0.957565021525
559 0.9620990181
560 0.966923770925
561 0.9707691002
562 0.97410711285
563 0.9768909454
564 0.97851846695
565 0.979276714325
566 0.97881406785
567 0.9769011879
568 0.974654827125
569 0.9705090332
570 0.966720714575
571 0.9637244606
572 0.9612770843499999
573 0.9596070671000001
574 0.95776968
575 0.9533484077250001
576 0.9419407653749999
577 0.91963911055
578 0.8825578880499999
579 0.8281651497000001
580 0.758721714
581 0.6789197159
582 0.593452596675
583 0.5082108115999999
584 0.42674268722500003
585 0.351753878575
586 0.2839676094
587 0.22410843375
588 0.17243917705
589 0.130179402835
590 0.09643550159749999
591 0.070711238385
592 0.05176438868
593 0.0381961417175
594 0.028422980905000002
595 0.021476899382499998
596 0.016558873355000003
597 0.013058797120000002
598 0.01050166368325
599 0.00867153957525
600 0.007320394816250001
601 0.006327498107749999
602 0.005602480618
603 0.005077703296
604 0.004700633362
605 0.0044688694935
606 0.004335983544250001
607 0.004301029667750001
608 0.0043425572675
609 0.004479542746250001
610 0.004700350463
611 0.00498067215
612 0.005316426829499999
613 0.005676629992749999
614 0.00602388799
615 0.006308059843250001
616 0.006469055416
617 0.00649906739625
618 0.0063865561785
619 0.0061913342775
620 0.0059406450399999994
621 0.0056993453215
622 0.00549783021
623 0.005352593957
624 0.005301516804
625 0.00533627152675
626 0.005435158462
627 0.00560990572075
628 0.00575466260275
629 0.00586290642725
630 0.0058261586745
631 0.00559542268325
632 0.00518759332775
633 0.00461889110425
634 0.00399884484725
635 0.00338947333475
636 0.002853569128
637 0.002413962821
638 0.00207116279725
639 0.001808701122
640 0.0016159908104999999
641 0.0014775183424999999
642 0.001381359064
643 0.001327158213
644 0.0013097459077500001
645 0.0013291729637500002
646 0.0013837181037500003
647 0.0014734766620000002
648 0.0016205089937500001
649 0.0018335293985000001
650 0.00211859844725
651 0.0024906004582500004
652 0.00292924679825
653 0.003408799544
654 0.003824528458
655 0.004061137736
656 0.0040348530545
657 0.0037529833609999995
658 0.0032998266804999997
659 0.0027991563079999998
660 0.0023221611222499997
661 0.0019449862865
662 0.0016443315525000001
663 0.001425108331
664 0.0012618171219999999
665 0.0011385975582500001
666 0.0010543391485000001
667 0.000985380450525
668 0.000943287516725
669 0.00092188036215
670 0.0009120006102750001
671 0.000900349059825
672 0.0009208017980500001
673 0.0009363701941
674 0.000961239209675
675 0.00100437238725
676 0.00104228131275
677 0.0011027130872500002
678 0.0011639072375
679 0.00124075507875
680 0.0013287235815
681 0.0014344406877500001
682 0.00157065838625
683 0.0017196670555
684 0.00191933889025
685 0.002164396495
686 0.0024499545612500003
687 0.002813644409
688 0.00322264671675
689 0.0036523076165
690 0.00403095036675
691 0.00429172501175
692 0.004361190572
693 0.004194332138
694 0.0038222149005
695 0.003330029696
696 0.002811741607
697 0.00235130206025
698 0.0019618933285
699 0.0016543244565
700 0.0014191224997500002
701 0.0012472436014999999
702 0.001110441256
703 0.001012111810975
704 0.0009408107775249999
705 0.000898625495675
706 0.00086808225265
707 0.0008606533157
708 0.000869169588775
709 0.000891978871225
710 0.000935951883375
711 0.0009884948637499998
712 0.0010697974285
713 0.00117408353675
714 0.0013000795635000001
715 0.00143353145625
716 0.0015915447465000001
717 0.00171893794075
718 0.00181214637925
719 0.0018992714589999998
720 0.0019023450095
721 0.0018339808652500001
722 0.0017212177804999998
723 0.0015767042349999999
724 0.00141860477525
725 0.0012693184645
726 0.00114468436725
727 0.001034251693575
728 0.000938669033325
729 0.0008746575376749999
730 0.0008201090056
731 0.0007908480422
732 0.00076359296205
733 0.0007572061584
734 0.0007592044963
735 0.00078625047555
736 0.0008064277457499999
737 0.0008615779506000001
738 0.000914723443525
739 0.001017615198
740 0.001130775307
741 0.0012657909085000002
742 0.0014477624392499997
743 0.00165583919825
744 0.0019027114277500002
745 0.00215613935275
746 0.0024214631325
747 0.0026207880685
748 0.0027710811802499997
749 0.002815437466
750 0.0027639851347500003
751 0.00261094529
752 0.00239717043875
753 0.0021568930502500003
754 0.001930129716
755 0.0017194255245
756 0.00155376609675
757 0.0014092122225
758 0.0013044057237499998
759 0.001195714624
760 0.0011287091490000001
761 0.0010539077240000001
762 0.001009072028
763 0.00095507280845
764 0.0009170569683499999
765 0.0008802491611500001
766 0.00084331909065
767 0.00080155488025
768 0.000767978950625
769 0.0007267600493750001
770 0.0006743062853249999
771 0.0006250920525999999
772 0.00056912526425
773 0.00052042173415
774 0.00047589307447499997
775 0.00043537714584999997
776 0.000386550016825
777 0.000345902265175
778 0.00031027521589999997
779 0.00028060901837499995
780 0.00024356608587500003
781 0.000228122281
782 0.00020213026429999998
783 0.00018796543202499998
784 0.00017195180575000003
785 0.000167608484725
786 0.000143213148575
787 0.00014364212805
788 0.000132673198675
789 0.000126972460975
790 0.00011874850845
791 0.000113693500175
792 0.00010899143070000001
793 0.0001076972791
794 0.00010432321677499999
795 0.00010340426687499999
796 0.000102253898035
797 0.0001018579657925
798 0.00010965047694999998
799 0.000102886669525
800 0.000106198523175
801 0.00010418440333333333
802 0.00010811187666666666
803 0.00010710681333333334
804 0.00011706760333333334
805 0.00012366642666666666
806 0.00012341126666666667
807 0.00013504267333333333
808 0.00015065123666666667
809 0.00016775481333333332
810 0.00018112585666666664
811 0.00019566379666666666
812 0.00021914140666666666
813 0.00025979551666666665
814 0.00029937350000000003
815 0.0003420440466666667
816 0.00041000728999999997
817 0.00049054465
818 0.0006002575766666667
819 0.0007582721133333334
820 0.0009704542433333333
821 0.0012920850533333333
822 0.0017522208866666668
823 0.0024415467166666667
824 0.0033847212800000004
825 0.00450682024
826 0.005578870280000001
827 0.00615925749
828 0.006000718473333333
829 0.00535369565
830 0.00436011275
831 0.0034664187833333333
832 0.0027903832
833 0.0022763102766666667
834 0.001887191383333333
835 0.0016080363599999998
836 0.0014378938566666666
837 0.00130121082
838 0.0011649271833333334
839 0.0011403366433333333
840 0.00104108011
841 0.00104037737
842 0.0010073403500000001
843 0.0010168556633333332
844 0.00103405091
845 0.0010682550066666667
846 0.00108477066
847 0.00112528508
848 0.0011817592633333333
849 0.0012826630466666667
850 0.0013872018166666668
851 0.0014810303833333333
852 0.00163990726
853 0.0017480022233333332
854 0.0018767323100000002
855 0.001989946716666667
856 0.0021199899400000002
857 0.0022196205966666664
858 0.002228405226666667
859 0.0022176534433333336
860 0.0022059483333333333
861 0.0021043055733333334
862 0.0019294459133333333
863 0.0018856314366666666
864 0.0016445302466666664
865 0.0015782036866666667
866 0.0014461037033333334
867 0.001389490663333333
868 0.0011787770466666666
869 0.0012257641566666667
870 0.00102017234
871 0.0010233865200000001
872 0.0009311729166666666
873 0.0009808727366666667
874 0.00090300309
875 0.0008932686133333334
876 0.0007681976533333333
877 0.0008142728599999999
878 0.0007746862366666667
879 0.0007825449133333334
880 0.00066543204
881 0.0008662330599999999
882 0.0006838425233333333
883 0.00074741258
884 0.00102015001
885 0.0006947909033333333
886 0.0010197405533333332
887 0.0010710356633333335
888 0.0009999707833333333
889 0.00122358163
890 0.0010905727233333333
891 0.0011081851266666666
892 0.0013571510733333333
893 0.00084434236
894 0.0016049662266666668
895 0.001990672053333333
896 0.0020227972666666664
897 0.0023253969333333333
898 0.0021654376900000004
899 0.0019622759533333336
900 0.00294156318
