# GOTO complete transmission with B filter (no atmosphere)
# Source: Product of `ota.data`, `filter_B.data` and `qe.data`
# Wavelength(nm) Throughput(0-1)
300 -7.72972727515757e-15
301 -4.2317696279280475e-13
302 -1.6624887982575762e-12
303 -1.916916615586019e-12
304 -5.151197491987527e-12
305 -6.195571392516112e-12
306 -4.829237221467543e-11
307 -6.283358604144408e-11
308 -3.835935902148781e-11
309 -1.9166159488856982e-11
310 2.1231497719233086e-11
311 -9.534086407554163e-11
312 2.916974391929541e-10
313 -3.83120727706338e-10
314 3.4190047373914883e-10
315 -1.8078350187267947e-10
316 -6.694392753704218e-10
317 4.0528316960511047e-10
318 1.7065471903930909e-09
319 2.246473186617807e-09
320 2.0592663423021555e-10
321 -3.9999648166714594e-09
322 2.0868799922211567e-10
323 -2.399982194760853e-09
324 -5.34768818672175e-09
325 -2.866893111825609e-09
326 -1.0802732963546278e-08
327 -1.0221255190333941e-08
328 7.710578731801409e-09
329 5.46114492407438e-09
330 -8.268756810878154e-09
331 1.8430282840082846e-10
332 6.9403142321597024e-09
333 -1.0473723791350233e-08
334 -1.382883626712735e-08
335 -2.8941293540153144e-08
336 -4.852946679110391e-08
337 3.5320796614330187e-09
338 -1.0745668171829023e-08
339 1.8641576671399984e-08
340 -1.7916572331741748e-08
341 3.734946656800198e-08
342 -9.001755106234536e-09
343 7.299004759652087e-08
344 8.309306977784321e-08
345 -7.947244506020586e-09
346 8.451688281825269e-09
347 -4.30230638995691e-08
348 -1.6475500802788023e-08
349 7.692922257070204e-08
350 1.952369806670861e-08
351 4.108478022032179e-08
352 1.0809819373023119e-07
353 -2.0643049149985488e-08
354 6.159205249725406e-08
355 1.0251111137165508e-09
356 -6.707113303256274e-09
357 5.459665484170232e-09
358 3.8776279033733625e-08
359 1.703181951845472e-07
360 7.406259861245663e-08
361 -1.7560027252572822e-08
362 8.408457344516241e-08
363 1.4361079429096185e-07
364 1.8397681593469077e-07
365 8.506256123287929e-08
366 -3.175399594415642e-08
367 5.297086616211749e-08
368 1.4502392243683606e-07
369 -2.819087454822825e-07
370 -4.5471565967866076e-07
371 -3.6709409844641604e-07
372 1.0515296661310473e-07
373 3.621106081955295e-09
374 4.675054914316924e-07
375 5.662451265840446e-08
376 1.105015313655779e-06
377 1.016493461618445e-06
378 1.125924700820462e-06
379 2.9754040392449533e-06
380 5.345903184631734e-06
381 1.153158261713974e-05
382 3.2086904773029736e-05
383 0.00011399318224131213
384 0.00041478080712929646
385 0.0013185725565843277
386 0.0032747499389813857
387 0.006221199332130898
388 0.009019999835558469
389 0.010334940041785794
390 0.010413005373720047
391 0.01065800374269586
392 0.012221598444270535
393 0.016183141353698527
394 0.02422015436602241
395 0.03890151923646463
396 0.06137596953724888
397 0.089381176680242
398 0.11443604906443076
399 0.13210538698694238
400 0.14324732571778373
401 0.15053827767372505
402 0.15795477049616496
403 0.16542456546792295
404 0.17404321045783389
405 0.18189770166337385
406 0.1893117024212902
407 0.19429933995170878
408 0.19772996438607648
409 0.19953165171509085
410 0.20168722491067095
411 0.20563760241286919
412 0.212024589682572
413 0.22123240380095982
414 0.23067720064980576
415 0.23873862932342158
416 0.242837408996562
417 0.245742456156443
418 0.2468349577412084
419 0.2494809752350364
420 0.254446487458879
421 0.26132212581273023
422 0.2684860286114023
423 0.2748606901653801
424 0.28029072401609095
425 0.2846451881407748
426 0.2874345777891034
427 0.2908662191477247
428 0.2938409493817043
429 0.29707248010344595
430 0.2985527739173533
431 0.3000338458272019
432 0.3014880285866895
433 0.30523892184487134
434 0.30968426339086963
435 0.3150213546395837
436 0.3196642172947201
437 0.3225639077707934
438 0.32392332532354023
439 0.3232345277256872
440 0.32318490100047664
441 0.32522303362409843
442 0.3293765561549549
443 0.33550500571129405
444 0.3421712684978477
445 0.3486551723691672
446 0.35325722783391833
447 0.35604080156850293
448 0.35690647601448267
449 0.3576251314047594
450 0.35847911030879864
451 0.3619780906530422
452 0.36658707971555154
453 0.37251957339148717
454 0.3780740248198421
455 0.38431396095518744
456 0.3890035493014499
457 0.3919795769836498
458 0.3945571949300818
459 0.39751485933608527
460 0.40032366970050426
461 0.40198082350417885
462 0.40313897596878784
463 0.4042959551555751
464 0.40440914677750867
465 0.404450270550736
466 0.4036375031485806
467 0.40357073201095767
468 0.4049588086648521
469 0.4077381536252178
470 0.4121144622304939
471 0.41732550980970157
472 0.4223314999370004
473 0.42554090309665776
474 0.426489192893118
475 0.42495375483257636
476 0.4220001582058389
477 0.4184934868367071
478 0.41467955431305026
479 0.412926622599483
480 0.4130073728714389
481 0.41619841670607444
482 0.42099169768699385
483 0.4277646352495074
484 0.4339468867035591
485 0.44015843038032176
486 0.4446415722641922
487 0.4466696857664141
488 0.44704884019246044
489 0.44543422262373555
490 0.4435864506825178
491 0.44227132472987324
492 0.44188978736207885
493 0.4428624514260334
494 0.4448809632047003
495 0.44854876291408957
496 0.45173967105954566
497 0.45491430128681637
498 0.45704788040452166
499 0.4590600835216928
500 0.460507118309338
501 0.4626842094264548
502 0.46595847447000927
503 0.47015736921429313
504 0.47092509445789665
505 0.46061200801586627
506 0.4294443431028313
507 0.37194052391994403
508 0.29619715707720423
509 0.21635689115973294
510 0.14854153962261282
511 0.09803790454510654
512 0.06394606380909461
513 0.042006136127000056
514 0.02794948268242763
515 0.01905720713828434
516 0.013349261756067354
517 0.009545345481602636
518 0.0069848478205617815
519 0.005221428104403665
520 0.003981883138731064
521 0.0030891629096382817
522 0.002432548686587772
523 0.001961948294701701
524 0.001595290610249552
525 0.0013204543076198551
526 0.0011107932882567062
527 0.0009396183289234381
528 0.0008087373977049338
529 0.0007050133757306073
530 0.0006190794684853743
531 0.0005543503804627205
532 0.0004980234298743283
533 0.0004524947045886879
534 0.00041653732768678713
535 0.00038854456998992304
536 0.00036302383377062424
537 0.0003459975470736123
538 0.00032607901250430337
539 0.0003198872404920708
540 0.00031126907742966075
541 0.0003069585264188282
542 0.0003058791327128454
543 0.0003062975859913929
544 0.0003106477885629039
545 0.0003161885332082458
546 0.0003274115735425553
547 0.0003438370130138958
548 0.0003580380180392985
549 0.0003827341126259229
550 0.00041046291036803546
551 0.0004410179058758719
552 0.00048019739020332296
553 0.0005268597026513009
554 0.0005845036821184435
555 0.0006516495494533469
556 0.0007289433755436519
557 0.0008183559016099252
558 0.0009217916753353417
559 0.0010363009159957534
560 0.0011601775352060033
561 0.0012855032466155452
562 0.0014179726454812856
563 0.0015350823315702132
564 0.0016437750821068338
565 0.0017296259974235906
566 0.0018001003358574456
567 0.001848834924650825
568 0.0018748962457799366
569 0.001900401304828154
570 0.0019105207724187862
571 0.001917465962147835
572 0.0019299113171760307
573 0.0019508650268619673
574 0.001974561199165373
575 0.0020120340615236362
576 0.00206388149381238
577 0.0021210951125723776
578 0.002192417315786149
579 0.0022696827278490214
580 0.0023515454118254757
581 0.0024294218266707984
582 0.002491188567567216
583 0.002533665284215093
584 0.002555655781432829
585 0.002549025778875011
586 0.0025127329496152898
587 0.002448415118505356
588 0.0023638309826910287
589 0.0022684523717989694
590 0.0021585369776319944
591 0.0020574322938301673
592 0.0019530697127492387
593 0.0018608649492150295
594 0.0017740538768613355
595 0.0017051802678329396
596 0.0016457569483668741
597 0.0016008265769870361
598 0.0015678837113568857
599 0.0015444731816976064
600 0.0015284705784781795
601 0.0015252061519648202
602 0.0015293139225073104
603 0.0015363315164218466
604 0.001545477300465379
605 0.0015532157316574995
606 0.0015534103523839383
607 0.001544155157514156
608 0.0015252841150384321
609 0.0014909907114929908
610 0.0014442153033041752
611 0.0013819389383432597
612 0.0013163935638827924
613 0.00123876408860846
614 0.0011607929396747264
615 0.001080450928321556
616 0.001006355662653375
617 0.0009355863234738794
618 0.0008707685794309415
619 0.0008121447552294249
620 0.0007662312768774171
621 0.000722818588757091
622 0.0006831552508752981
623 0.0006553014369181499
624 0.0006322565611319923
625 0.0006124568613223797
626 0.0006031869785743008
627 0.0005968177210956793
628 0.0005986778652055444
629 0.0006038704449099183
630 0.0006161105725597852
631 0.0006382971760619036
632 0.0006669932982301837
633 0.0007077051700265924
634 0.0007597944449511152
635 0.0008249566169774686
636 0.0009027249381284592
637 0.0009954589093628995
638 0.0010977378302373302
639 0.001202650648344384
640 0.0012841299356922593
641 0.0013364187826200487
642 0.0013291319785463163
643 0.0012642714676080003
644 0.001150597056544214
645 0.0010047472662024063
646 0.0008557232848765397
647 0.0007110829006647825
648 0.0005910707533423639
649 0.00048599451469926515
650 0.00040178722116494396
651 0.00033624554414119336
652 0.00028326590612913293
653 0.0002408803284145512
654 0.00020437414262796814
655 0.00017823342921714062
656 0.00015625163878993766
657 0.00013447547406642384
658 0.00012249906757368946
659 0.00011112867389138636
660 0.00010044906530929168
661 9.38067545149917e-05
662 8.5525041864764e-05
663 7.926600635955173e-05
664 7.204278734716297e-05
665 7.152858997545343e-05
666 6.786916733130907e-05
667 6.434021970770617e-05
668 6.586527819589939e-05
669 5.9356888338245567e-05
670 6.064334723902983e-05
671 5.767001865650178e-05
672 5.860069359739526e-05
673 5.895230582319004e-05
674 5.805343799956751e-05
675 5.816573512014968e-05
676 5.608415582691991e-05
677 6.217459607994952e-05
678 6.228253311228566e-05
679 6.490773200615326e-05
680 6.813033441000411e-05
681 6.995260318511885e-05
682 7.535247540449975e-05
683 8.035962131420516e-05
684 8.522374985349895e-05
685 9.265104371942773e-05
686 0.00010063130256106513
687 0.00011171459185519786
688 0.0001245375383369578
689 0.00014113984373488337
690 0.0001620627631477639
691 0.00018547332427164726
692 0.00022021121565732655
693 0.00026409916502292795
694 0.0003234435627319201
695 0.00040528866633147737
696 0.0005119876284085938
697 0.0006626705848212718
698 0.0008511745334068554
699 0.0010679727511526908
700 0.0012489819170355837
701 0.001313674515542289
702 0.001230882318436141
703 0.001035680615303285
704 0.0008127551663907427
705 0.0006155207333707352
706 0.0004638099783226435
707 0.00035649959481889176
708 0.0002817653487551908
709 0.0002268221746259044
710 0.0001884153708485767
711 0.00015894334710095923
712 0.00014041734013489502
713 0.00012414770036992608
714 0.00011357686281494278
715 0.00010443493130679523
716 9.777504485775575e-05
717 9.238743610547775e-05
718 8.876739159074576e-05
719 8.127282293832235e-05
720 7.95619162273475e-05
721 7.615842028607738e-05
722 7.189829499469449e-05
723 6.937566123857533e-05
724 6.67085810455378e-05
725 6.463179741369222e-05
726 6.28197998081496e-05
727 6.0084750472474694e-05
728 5.7539821732034894e-05
729 5.360718226806888e-05
730 5.035190472626777e-05
731 4.6802905002075386e-05
732 4.394876724551531e-05
733 4.0221022877971625e-05
734 3.898830766383128e-05
735 3.742892981335307e-05
736 3.480771394993879e-05
737 3.433147471097718e-05
738 3.379799430091698e-05
739 3.35936976728191e-05
740 3.224697263641589e-05
741 3.3805053422017704e-05
742 3.381302439836401e-05
743 3.47193101490131e-05
744 3.626083437121636e-05
745 3.77148919463067e-05
746 4.212983016391334e-05
747 4.3011380109542676e-05
748 4.746467101284996e-05
749 5.279185350700714e-05
750 5.858755664724649e-05
751 6.659983658213373e-05
752 7.717140705237336e-05
753 8.594222723608078e-05
754 0.00010202217603124559
755 0.00011885554392581587
756 0.0001392633363296606
757 0.000165529766235261
758 0.00019589152583285394
759 0.0002311079597926912
760 0.00027393776428969775
761 0.0003251969344884883
762 0.00038266483095160056
763 0.0004528212263998156
764 0.0005169342643141621
765 0.000599845064197648
766 0.000682808395404815
767 0.0007656952525255619
768 0.0008478256970697485
769 0.0009287058809705672
770 0.0009818436605305424
771 0.0010285929768246848
772 0.0010470195805862609
773 0.0010481835416081232
774 0.0010276924362794745
775 0.0009924138061628775
776 0.0009468560904707517
777 0.0008997203573180285
778 0.0008470777059999317
779 0.0007967293939933341
780 0.0007472269380778022
781 0.0006991251796912119
782 0.0006621297084519247
783 0.0006187152932123888
784 0.0005836219667915228
785 0.0005474559319107387
786 0.000519730927691046
787 0.0004875332797464648
788 0.0004601492996371717
789 0.00043479961131785526
790 0.00040294453173831334
791 0.0003771002510829267
792 0.00035342023870569336
793 0.00032872348334294586
794 0.00030999120347683024
795 0.0002870383921968233
796 0.0002704747926223265
797 0.0002598964201319974
798 0.00024715751968495264
799 0.0002389924315304902
800 0.0002350681469719104
801 0.00022881420480404979
802 0.0002277208449422456
803 0.00022991255881307397
804 0.00023020001057942114
805 0.0002446753592400651
806 0.00025199742319321095
807 0.0002693707113319665
808 0.0002895341971960127
809 0.0003201766885789676
810 0.00035166531066709164
811 0.00039251119833120965
812 0.0004552448235261961
813 0.0005229153085684205
814 0.0006094802538135297
815 0.0007158901945408481
816 0.0008264419677173376
817 0.0009547773805296322
818 0.0010804393766422578
819 0.001212166300010824
820 0.0013138813145005463
821 0.0013805337208794895
822 0.0013842017072356553
823 0.0013167375453419022
824 0.0012063450044097622
825 0.0010766925396908085
826 0.000937026167141525
827 0.0008089547297164917
828 0.0007172789967138202
829 0.000638379773912417
830 0.0005714684249870193
831 0.0005120003923570675
832 0.00046319754347870734
833 0.0004270509672631558
834 0.00039671148199734726
835 0.0003633586479483312
836 0.0003305291173520074
837 0.00031047021653359756
838 0.00028346705281716387
839 0.00025906120290792217
840 0.00023878243253919437
841 0.00022604877863184575
842 0.00020264254505599787
843 0.00019139152888836012
844 0.0001786705780434753
845 0.0001574972383666414
846 0.00015572124017804975
847 0.00013975338852967358
848 0.00014048286923173882
849 0.0001282730536826322
850 0.00012195190664836947
851 0.00011417095802027695
852 0.00011303444784121762
853 0.00010474277247540295
854 0.00010292859018905103
855 0.00010431004170824026
856 9.768823784930445e-05
857 9.938442629890694e-05
858 9.895269037095875e-05
859 9.163530902989011e-05
860 8.835886556705421e-05
861 9.571213946088038e-05
862 9.099051809234276e-05
863 9.674412595834111e-05
864 9.802696525459864e-05
865 9.56977023466882e-05
866 9.525514188177699e-05
867 0.00010677119535342549
868 0.00010199422659910383
869 9.836490651576565e-05
870 0.00010733223899225632
871 0.00010993263226016025
872 0.00011975900938227213
873 0.00013215648453448418
874 0.00014346576000676036
875 0.00013425172263923738
876 0.00012863422892267075
877 0.00017598798912061086
878 0.0001735785843432246
879 0.0001483471824721368
880 0.0001700216528935028
881 0.00020256067796558936
882 0.00021024021286694626
883 0.00020179177296363504
884 0.00017461409731806557
885 0.00022276092899875123
886 0.0002242689206272211
887 0.00021926475401395172
888 0.00022416532526959405
889 0.00023817136479155226
890 0.00022708726661662052
891 0.00024612024646005154
892 0.0002465769613342358
893 0.00020733376605115507
894 0.0002355160166071007
895 0.00025010405185567445
896 0.0002272223952677906
897 0.0001855614115099536
898 0.00026417335797087406
899 0.00020012801383997996
