# Sample bright sky spectra (moon phase =  0.05, moon alt = -76.65)
# Source: fxSKY.2000-07-31T05:50:57.788.fits (from http://www.eso.org/~fpatat/science/skybright/)
# Wavelength(nm) Flux(erg/s/cm2/A/arcsec2)
364.2857783794394 8.780342e-18
364.54588458537967 8.284778e-18
364.8059907913199 7.711464e-18
365.06609699726016 7.475465e-18
365.3262032032004 7.408873e-18
365.58630940914065 7.558728e-18
365.8464156150809 7.657109e-18
366.10652182102115 7.641306e-18
366.3666280269614 7.425881e-18
366.62673423290164 7.049289e-18
366.8868404388419 6.7009893e-18
367.14694664478213 6.316376e-18
367.4070528507224 5.9600175e-18
367.6671590566626 5.6371457e-18
367.9272652626029 5.351342e-18
368.1873714685431 5.1813233e-18
368.44747767448337 5.115465e-18
368.7075838804236 5.151629e-18
368.96769008636386 5.328356e-18
369.2277962923041 5.6327526e-18
369.48790249824435 6.4164297e-18
369.7480087041846 7.160879e-18
370.00811491012485 7.665662e-18
370.2682211160651 7.975162e-18
370.52832732200534 8.025724e-18
370.7884335279456 7.7387106e-18
371.04853973388583 7.3961825e-18
371.3086459398261 7.006356e-18
371.5687521457663 6.5844036e-18
371.8288583517066 6.11064e-18
372.0889645576468 5.8735696e-18
372.34907076358706 5.75514e-18
372.6091769695273 6.061031e-18
372.86928317546756 6.6789487e-18
373.1293893814078 7.3104634e-18
373.38949558734805 8.1437205e-18
373.6496017932883 8.938291e-18
373.90970799922854 9.3484446e-18
374.1698142051688 9.196694e-18
374.42992041110904 8.868311e-18
374.6900266170493 8.309764e-18
374.95013282298953 7.67796e-18
375.2102390289298 7.332945e-18
375.47034523487 6.9620335e-18
375.7304514408103 6.677549e-18
375.9905576467506 6.3396102e-18
376.2506638526908 5.995289e-18
376.51077005863107 5.62881e-18
376.7708762645713 5.575076e-18
377.03098247051156 5.749029e-18
377.2910886764518 5.898798e-18
377.55119488239205 6.028108e-18
377.8113010883323 6.146354e-18
378.07140729427255 6.0330046e-18
378.3315135002128 5.8540573e-18
378.59161970615304 5.7435125e-18
378.8517259120933 5.8460225e-18
379.11183211803353 5.880989e-18
379.3719383239738 5.830552e-18
379.632044529914 5.724583e-18
379.8921507358543 5.619675e-18
380.1522569417945 5.39583e-18
380.41236314773477 5.1974785e-18
380.672469353675 5.3222467e-18
380.93257555961526 5.4406428e-18
381.1926817655555 5.734722e-18
381.45278797149575 5.9712837e-18
381.712894177436 6.1129847e-18
381.97300038337625 6.140499e-18
382.2331065893165 6.044129e-18
382.49321279525674 6.329522e-18
382.753319001197 7.069893e-18
383.01342520713723 7.6966004e-18
383.2735314130775 8.144943e-18
383.5336376190177 8.274585e-18
383.79374382495797 7.874957e-18
384.0538500308982 7.326222e-18
384.31395623683846 6.9730085e-18
384.5740624427787 6.7090494e-18
384.83416864871896 6.514109e-18
385.0942748546592 6.1967938e-18
385.35438106059945 5.8261838e-18
385.6144872665397 5.3440707e-18
385.87459347247994 5.1480433e-18
386.1346996784202 5.026333e-18
386.39480588436044 4.8898434e-18
386.6549120903007 4.7470092e-18
386.91501829624093 4.628823e-18
387.1751245021812 4.518655e-18
387.4352307081214 4.43126e-18
387.69533691406167 4.2978336e-18
387.9554431200019 4.2375888e-18
388.21554932594216 4.1626545e-18
388.4756555318824 3.9609635e-18
388.73576173782266 3.90029e-18
388.9958679437629 4.011185e-18
389.25597414970315 4.133326e-18
389.5160803556434 4.2681647e-18
389.77618656158364 4.5447267e-18
390.0362927675239 4.9248166e-18
390.29639897346414 5.543041e-18
390.5565051794044 6.217252e-18
390.81661138534463 6.7479587e-18
391.0767175912849 7.0458575e-18
391.3368237972251 7.0589956e-18
391.59693000316537 6.660865e-18
391.8570362091056 6.0395807e-18
392.11714241504586 5.493045e-18
392.3772486209861 5.0220054e-18
392.63735482692636 4.6083903e-18
392.8974610328666 4.2429497e-18
393.15756723880685 4.029565e-18
393.4176734447471 3.9790134e-18
393.67777965068734 4.3010885e-18
393.9378858566276 4.7966227e-18
394.19799206256783 5.2933744e-18
394.4580982685081 5.759159e-18
394.7182044744483 5.9906525e-18
394.9783106803886 5.8740784e-18
395.2384168863288 5.6385838e-18
395.49852309226907 5.4046563e-18
395.7586292982093 5.0792806e-18
396.01873550414956 4.749204e-18
396.2788417100898 4.348244e-18
396.53894791603005 3.929886e-18
396.7990541219703 3.6483814e-18
397.05916032791055 3.719058e-18
397.3192665338508 4.0720588e-18
397.57937273979104 4.5480967e-18
397.8394789457313 5.130359e-18
398.09958515167153 5.5229208e-18
398.3596913576118 5.601621e-18
398.619797563552 5.575621e-18
398.8799037694923 5.4892313e-18
399.1400099754325 5.35999e-18
399.40011618137277 5.3048528e-18
399.660222387313 5.30073e-18
399.92032859325326 5.317193e-18
400.1804347991935 5.44046e-18
400.44054100513375 5.7313765e-18
400.700647211074 6.160906e-18
400.96075341701425 6.459134e-18
401.2208596229545 6.6503956e-18
401.48096582889474 6.75618e-18
401.741072034835 6.7200347e-18
402.00117824077523 6.4634776e-18
402.2612844467155 6.203603e-18
402.5213906526557 6.0601965e-18
402.781496858596 5.928411e-18
403.0416030645362 5.7629628e-18
403.30170927047647 5.7581416e-18
403.5618154764167 5.8967634e-18
403.82192168235696 6.2233798e-18
404.0820278882972 6.5755093e-18
404.34213409423745 6.8992608e-18
404.6022403001777 7.143615e-18
404.86234650611794 7.1787366e-18
405.1224527120582 6.966527e-18
405.38255891799844 6.6567356e-18
405.6426651239387 6.5807334e-18
405.90277132987893 6.6155684e-18
406.1628775358192 6.8696287e-18
406.4229837417594 7.2537685e-18
406.68308994769967 7.5252425e-18
406.9431961536399 7.532073e-18
407.20330235958016 7.473264e-18
407.4634085655204 7.260683e-18
407.72351477146066 7.153663e-18
407.98362097740096 7.0224185e-18
408.2437271833412 6.981295e-18
408.50383338928145 6.8349806e-18
408.7639395952217 6.704762e-18
409.02404580116195 6.5096484e-18
409.2841520071022 6.3617208e-18
409.54425821304244 6.2090195e-18
409.80436441898263 5.9786245e-18
410.0644706249229 5.7510485e-18
410.3245768308631 5.6044113e-18
410.58468303680337 5.574025e-18
410.8447892427436 5.5351866e-18
411.10489544868386 5.6253927e-18
411.3650016546241 5.7469382e-18
411.62510786056436 5.7358536e-18
411.8852140665046 5.8281674e-18
412.14532027244485 6.0337176e-18
412.4054264783851 6.2103025e-18
412.66553268432534 6.3372966e-18
412.9256388902656 6.4668567e-18
413.18574509620584 6.5587825e-18
413.4458513021461 6.643194e-18
413.7059575080863 6.597942e-18
413.9660637140266 6.4510625e-18
414.2261699199668 6.3378446e-18
414.48627612590707 6.1551093e-18
414.7463823318473 5.8625123e-18
415.00648853778756 5.849592e-18
415.2665947437278 6.1322443e-18
415.52670094966805 6.400008e-18
415.7868071556083 6.700974e-18
416.04691336154855 7.1789525e-18
416.3070195674888 7.6201855e-18
416.56712577342904 7.874896e-18
416.8272319793693 8.075478e-18
417.08733818530953 8.117753e-18
417.3474443912499 7.976158e-18
417.60755059719014 7.731983e-18
417.8676568031304 7.392477e-18
418.12776300907063 7.058155e-18
418.3878692150109 6.794579e-18
418.6479754209511 6.592504e-18
418.9080816268914 6.387671e-18
419.1681878328316 6.2850726e-18
419.42829403877187 6.1516425e-18
419.6884002447121 5.9989318e-18
419.94850645065236 5.8632377e-18
420.2086126565926 5.7583413e-18
420.46871886253285 5.7959607e-18
420.7288250684731 5.8746624e-18
420.98893127441335 5.893196e-18
421.2490374803536 5.933783e-18
421.50914368629384 5.9076193e-18
421.7692498922341 5.7573148e-18
422.02935609817433 5.655561e-18
422.2894623041146 5.567147e-18
422.5495685100548 5.4217173e-18
422.8096747159951 5.4077557e-18
423.0697809219353 5.410355e-18
423.32988712787557 5.3777907e-18
423.5899933338158 5.3860447e-18
423.85009953975606 5.4262916e-18
424.1102057456963 5.4828e-18
424.37031195163655 5.61772e-18
424.6304181575768 5.7950028e-18
424.89052436351705 6.0119847e-18
425.1506305694573 6.217692e-18
425.41073677539754 6.3293995e-18
425.6708429813378 6.265281e-18
425.93094918727803 6.207219e-18
426.1910553932183 6.187344e-18
426.4511615991585 6.211841e-18
426.71126780509877 6.1474065e-18
426.971374011039 6.1135443e-18
427.23148021697926 6.1314337e-18
427.4915864229195 6.089375e-18
427.75169262885976 6.0400997e-18
428.0117988348 6.046682e-18
428.27190504074025 6.0491077e-18
428.5320112466805 5.9799252e-18
428.79211745262074 5.9069038e-18
429.052223658561 5.9497617e-18
429.31232986450124 5.918947e-18
429.5724360704415 5.843017e-18
429.83254227638173 5.8308644e-18
430.092648482322 5.7265433e-18
430.3527546882622 5.6191897e-18
430.61286089420247 5.5533048e-18
430.8729671001427 5.6765596e-18
431.13307330608296 5.9723056e-18
431.3931795120232 6.3742414e-18
431.65328571796346 6.611243e-18
431.9133919239037 6.67406e-18
432.17349812984395 6.558506e-18
432.4336043357842 6.393522e-18
432.69371054172444 6.1579833e-18
432.9538167476647 6.033344e-18
433.21392295360494 6.039635e-18
433.4740291595452 6.024927e-18
433.73413536548543 5.936389e-18
433.9942415714257 5.871194e-18
434.2543477773659 5.8850948e-18
434.51445398330617 5.9034714e-18
434.7745601892464 6.0454127e-18
435.03466639518666 6.1293968e-18
435.2947726011269 6.1680025e-18
435.55487880706715 6.1602696e-18
435.8149850130074 6.175355e-18
436.07509121894765 6.169899e-18
436.3351974248879 6.2606538e-18
436.59530363082814 6.2918004e-18
436.8554098367684 6.234242e-18
437.11551604270863 6.204175e-18
437.3756222486489 6.2927707e-18
437.6357284545891 6.3373644e-18
437.8958346605294 6.3256578e-18
438.1559408664696 6.3008477e-18
438.41604707240987 6.2740963e-18
438.6761532783501 6.171337e-18
438.93625948429036 6.099324e-18
439.1963656902306 6.15725e-18
439.45647189617085 6.2775626e-18
439.7165781021111 6.424886e-18
439.97668430805135 6.6855008e-18
440.2367905139916 7.021121e-18
440.49689671993184 7.4553325e-18
440.7570029258721 7.848138e-18
441.01710913181233 8.199764e-18
441.2772153377526 8.311633e-18
441.5373215436928 8.329594e-18
441.7974277496331 8.3000634e-18
442.0575339555733 8.199964e-18
442.31764016151357 8.17909e-18
442.5777463674538 8.047326e-18
442.83785257339406 7.923811e-18
443.0979587793343 7.692489e-18
443.35806498527455 7.549565e-18
443.6181711912148 7.483971e-18
443.87827739715505 7.382311e-18
444.1383836030953 7.34222e-18
444.39848980903554 7.381742e-18
444.6585960149758 7.31422e-18
444.91870222091603 7.155595e-18
445.1788084268563 6.998283e-18
445.4389146327965 6.8281282e-18
445.69902083873677 6.63424e-18
445.959127044677 6.5070237e-18
446.21923325061726 6.4948737e-18
446.4793394565575 6.5214187e-18
446.73944566249776 6.4851307e-18
446.999551868438 6.5942363e-18
447.25965807437825 6.6556764e-18
447.5197642803185 6.6313424e-18
447.77987048625874 6.599635e-18
448.039976692199 6.7050164e-18
448.30008289813924 6.769978e-18
448.5601891040795 6.6980996e-18
448.82029531001973 6.73111e-18
449.08040151596 6.843838e-18
449.3405077219002 6.8626572e-18
449.60061392784047 6.8347986e-18
449.8607201337807 6.8845155e-18
450.12082633972096 6.9062645e-18
450.3809325456612 6.9032226e-18
450.64103875160146 6.974878e-18
450.9011449575417 6.990587e-18
451.16125116348195 7.004833e-18
451.4213573694222 6.994568e-18
451.68146357536244 7.0149515e-18
451.9415697813027 7.072266e-18
452.20167598724294 7.109143e-18
452.4617821931832 7.1999695e-18
452.72188839912343 7.395498e-18
452.9819946050637 7.552028e-18
453.2421008110039 7.663317e-18
453.50220701694417 7.83369e-18
453.7623132228844 7.9036495e-18
454.02241942882466 7.963499e-18
454.2825256347649 7.9657245e-18
454.54263184070516 7.895716e-18
454.8027380466454 7.8232335e-18
455.06284425258565 7.76645e-18
455.3229504585259 7.6253215e-18
455.58305666446614 7.483324e-18
455.8431628704064 7.417522e-18
456.10326907634663 7.301595e-18
456.3633752822869 7.23246e-18
456.6234814882271 7.2025586e-18
456.8835876941674 7.0950755e-18
457.1436939001076 7.083112e-18
457.40380010604787 7.158049e-18
457.6639063119881 7.239635e-18
457.92401251792836 7.328205e-18
458.1841187238686 7.407914e-18
458.44422492980885 7.460493e-18
458.7043311357491 7.400541e-18
458.96443734168935 7.277692e-18
459.2245435476296 7.175154e-18
459.48464975356984 7.113998e-18
459.7447559595101 6.9737356e-18
460.00486216545033 6.9195267e-18
460.2649683713906 6.910535e-18
460.5250745773308 7.000137e-18
460.7851807832711 7.024422e-18
461.0452869892113 7.033809e-18
461.30539319515157 7.069133e-18
461.5654994010918 7.0844645e-18
461.82560560703206 7.051762e-18
462.0857118129723 7.027159e-18
462.34581801891255 7.064166e-18
462.6059242248528 7.063531e-18
462.86603043079305 7.027955e-18
463.1261366367333 7.008552e-18
463.38624284267354 6.946493e-18
463.6463490486138 6.8956936e-18
463.90645525455403 6.8782024e-18
464.1665614604943 6.831721e-18
464.4266676664345 6.7466803e-18
464.6867738723748 6.760954e-18
464.946880078315 6.767342e-18
465.20698628425527 6.784361e-18
465.4670924901955 7.072173e-18
465.72719869613576 7.357188e-18
465.987304902076 7.5204135e-18
466.24741110801625 7.568207e-18
466.5075173139565 7.584701e-18
466.76762351989674 7.526441e-18
467.027729725837 7.467844e-18
467.28783593177724 7.492545e-18
467.5479421377175 7.530561e-18
467.80804834365773 7.591112e-18
468.068154549598 7.580464e-18
468.3282607555382 7.548714e-18
468.58836696147847 7.47625e-18
468.8484731674187 7.440304e-18
469.10857937335896 7.403558e-18
469.3686855792992 7.303295e-18
469.62879178523946 7.208846e-18
469.8888979911797 7.097924e-18
470.14900419711995 7.088345e-18
470.4091104030602 7.051624e-18
470.66921660900044 7.07437e-18
470.9293228149407 7.1363965e-18
471.18942902088094 7.184476e-18
471.4495352268212 7.210388e-18
471.70964143276143 7.256356e-18
471.9697476387017 7.223986e-18
472.2298538446419 7.206801e-18
472.48996005058217 7.117536e-18
472.7500662565224 7.040733e-18
473.01017246246266 6.944537e-18
473.2702786684029 6.8916975e-18
473.53038487434316 6.8625844e-18
473.7904910802834 6.8738287e-18
474.05059728622365 6.891683e-18
474.3107034921639 6.923682e-18
474.57080969810414 6.9012746e-18
474.8309159040444 6.8743573e-18
475.09102210998464 6.8674962e-18
475.3511283159249 6.8459e-18
475.61123452186513 6.8311495e-18
475.8713407278054 6.813407e-18
476.1314469337456 6.7810455e-18
476.39155313968587 6.7944347e-18
476.6516593456261 6.7611295e-18
476.91176555156636 6.8098306e-18
477.1718717575066 6.8739383e-18
477.43197796344685 6.970957e-18
477.6920841693871 6.980015e-18
477.95219037532735 7.004883e-18
478.2122965812676 6.97813e-18
478.47240278720784 6.941088e-18
478.7325089931481 6.996735e-18
478.99261519908833 7.0426695e-18
479.2527214050286 7.115237e-18
479.5128276109688 7.126591e-18
479.7729338169091 7.179639e-18
480.0330400228493 7.215225e-18
480.29314622878957 7.214239e-18
480.5532524347298 7.197414e-18
480.81335864067006 7.211594e-18
481.0734648466103 7.3240515e-18
481.33357105255055 7.501476e-18
481.5936772584908 7.704688e-18
481.85378346443105 7.982796e-18
482.1138896703713 8.139145e-18
482.37399587631154 8.301161e-18
482.6341020822518 8.3309735e-18
482.89420828819203 8.308067e-18
483.1543144941323 8.294819e-18
483.4144207000725 8.3605295e-18
483.6745269060128 8.321588e-18
483.934633111953 8.280548e-18
484.19473931789327 8.187431e-18
484.4548455238335 8.025548e-18
484.71495172977376 7.891679e-18
484.975057935714 7.723717e-18
485.23516414165425 7.497817e-18
485.4952703475945 7.2837935e-18
485.75537655353475 7.13764e-18
486.015482759475 7.005002e-18
486.27558896541524 6.929847e-18
486.5356951713555 6.996557e-18
486.79580137729573 7.032774e-18
487.055907583236 7.027813e-18
487.3160137891762 7.1066346e-18
487.5761199951165 7.2221354e-18
487.8362262010568 7.316896e-18
488.096332406997 7.462904e-18
488.35643861293727 7.564785e-18
488.6165448188775 7.661125e-18
488.87665102481776 7.6733046e-18
489.136757230758 7.628035e-18
489.39686343669825 7.60889e-18
489.6569696426385 7.58404e-18
489.91707584857875 7.567654e-18
490.177182054519 7.567967e-18
490.43728826045924 7.527095e-18
490.6973944663995 7.468886e-18
490.95750067233973 7.460811e-18
491.21760687828 7.4046686e-18
491.4777130842202 7.248231e-18
491.7378192901605 7.151989e-18
491.9979254961007 7.1919806e-18
492.25803170204097 7.2236384e-18
492.5181379079812 7.249732e-18
492.77824411392146 7.339622e-18
493.0383503198617 7.437573e-18
493.29845652580195 7.472038e-18
493.5585627317422 7.4663365e-18
493.81866893768245 7.470415e-18
494.0787751436227 7.4225845e-18
494.33888134956294 7.4346696e-18
494.5989875555032 7.419185e-18
494.85909376144343 7.516033e-18
495.1191999673837 7.5235055e-18
495.3793061733239 7.489848e-18
495.6394123792642 7.453175e-18
495.8995185852044 7.438105e-18
496.15962479114467 7.440236e-18
496.4197309970849 7.516755e-18
496.67983720302516 7.634318e-18
496.9399434089654 7.775777e-18
497.20004961490565 7.834898e-18
497.4601558208459 7.774811e-18
497.72026202678614 7.621518e-18
497.9803682327264 7.41846e-18
498.24047443866664 7.327462e-18
498.5005806446069 7.322961e-18
498.76068685054713 7.326995e-18
499.0207930564874 7.469261e-18
499.2808992624276 7.5700244e-18
499.54100546836787 7.570573e-18
499.8011116743081 7.553866e-18
500.06121788024836 7.463377e-18
500.3213240861886 7.428793e-18
500.58143029212886 7.399879e-18
500.8415364980691 7.371052e-18
501.10164270400935 7.292194e-18
501.3617489099496 7.2683715e-18
501.62185511588984 7.255298e-18
501.8819613218301 7.1835954e-18
502.14206752777034 7.134658e-18
502.4021737337106 7.138393e-18
502.66227993965083 7.15253e-18
502.9223861455911 7.144439e-18
503.1824923515313 7.1441174e-18
503.44259855747157 7.1103635e-18
503.7027047634118 7.078309e-18
503.96281096935206 7.025612e-18
504.2229171752923 7.037023e-18
504.48302338123256 6.98814e-18
504.7431295871728 6.98512e-18
505.00323579311305 7.00753e-18
505.2633419990533 7.028942e-18
505.52344820499354 7.070544e-18
505.7835544109338 7.093204e-18
506.04366061687404 7.093426e-18
506.3037668228143 7.0950855e-18
506.56387302875453 7.072329e-18
506.8239792346948 7.016381e-18
507.084085440635 6.982457e-18
507.34419164657527 6.970985e-18
507.6042978525155 6.9073246e-18
507.86440405845576 6.8627193e-18
508.124510264396 6.869425e-18
508.38461647033625 6.9288507e-18
508.6447226762765 6.956839e-18
508.90482888221675 7.02792e-18
509.164935088157 7.069925e-18
509.42504129409724 7.047327e-18
509.6851475000375 7.024789e-18
509.94525370597773 7.011961e-18
510.205359911918 6.970431e-18
510.4654661178582 6.905418e-18
510.7255723237985 6.9508665e-18
510.9856785297387 6.964634e-18
511.24578473567897 6.964402e-18
511.5058909416192 6.9920055e-18
511.76599714755946 7.012533e-18
512.0261033534997 6.990455e-18
512.28620955944 6.943047e-18
512.5463157653802 6.943006e-18
512.8064219713204 7.039054e-18
513.0665281772607 7.179916e-18
513.3266343832009 7.339436e-18
513.5867405891412 7.5173066e-18
513.8468467950814 7.61002e-18
514.1069530010217 7.675405e-18
514.3670592069619 7.629681e-18
514.6271654129022 7.591748e-18
514.8872716188424 7.616261e-18
515.1473778247827 7.5833925e-18
515.4074840307229 7.540936e-18
515.6675902366632 7.541347e-18
515.9276964426034 7.491335e-18
516.1878026485437 7.373717e-18
516.4479088544839 7.186907e-18
516.7080150604241 6.996981e-18
516.9681212663644 6.839218e-18
517.2282274723046 6.8018425e-18
517.4883336782449 6.837973e-18
517.7484398841851 6.8588902e-18
518.0085460901254 6.8462493e-18
518.2686522960656 7.076329e-18
518.5287585020059 7.299408e-18
518.7888647079461 7.381325e-18
519.0489709138864 7.683788e-18
519.3090771198266 8.79362e-18
519.5691833257669 9.851621e-18
519.8292895317071 1.0284234e-17
520.0893957376474 1.035404e-17
520.3495019435876 1.02108846e-17
520.6096081495278 9.343737e-18
520.8697143554681 8.1337315e-18
521.1298205614083 7.471089e-18
521.3899267673486 7.413968e-18
521.6500329732888 7.513667e-18
521.9101391792291 7.717383e-18
522.1702453851693 7.8363576e-18
522.4303515911096 7.819318e-18
522.6904577970498 7.8171e-18
522.9505640029901 7.7364184e-18
523.2106702089303 7.6424515e-18
523.4707764148706 7.842872e-18
523.7308826208108 7.98717e-18
523.990988826751 7.903768e-18
524.2510950326913 7.879734e-18
524.5112012386315 7.806128e-18
524.7713074445718 7.533011e-18
525.031413650512 7.667129e-18
525.2915198564523 8.004176e-18
525.5516260623925 8.057029e-18
525.8117322683328 7.897242e-18
526.071838474273 7.7082165e-18
526.3319446802133 7.337369e-18
526.5920508861535 6.923518e-18
526.8521570920938 6.890659e-18
527.112263298034 7.199359e-18
527.3723695039743 7.469486e-18
527.6324757099145 7.624934e-18
527.8925819158547 7.600917e-18
528.152688121795 7.565294e-18
528.4127943277352 7.3757636e-18
528.6729005336755 7.2641934e-18
528.9330067396157 7.323832e-18
529.193112945556 7.427321e-18
529.4532191514962 7.638926e-18
529.7133253574365 7.740756e-18
529.9734315633767 7.767181e-18
530.233537769317 7.817909e-18
530.4936439752572 7.8245496e-18
530.7537501811975 7.871637e-18
531.0138563871377 7.8786794e-18
531.273962593078 7.885613e-18
531.5340687990182 7.924023e-18
531.7941750049584 7.944606e-18
532.0542812108988 7.945631e-18
532.314387416839 7.892433e-18
532.5744936227793 8.014296e-18
532.8345998287195 8.0851594e-18
533.0947060346598 8.071648e-18
533.3548122406 8.016724e-18
533.6149184465403 7.960772e-18
533.8750246524805 7.805785e-18
534.1351308584208 7.7045645e-18
534.395237064361 7.683293e-18
534.6553432703013 7.699903e-18
534.9154494762415 7.741028e-18
535.1755556821818 7.759168e-18
535.435661888122 7.725353e-18
535.6957680940623 7.6992234e-18
535.9558743000025 7.577806e-18
536.2159805059428 7.536323e-18
536.476086711883 7.46119e-18
536.7361929178232 7.43438e-18
536.9962991237635 7.461234e-18
537.2564053297037 7.485816e-18
537.516511535644 7.5395875e-18
537.7766177415842 7.517396e-18
538.0367239475245 7.53397e-18
538.2968301534647 7.5187905e-18
538.556936359405 7.462724e-18
538.8170425653452 7.4102644e-18
539.0771487712855 7.368025e-18
539.3372549772257 7.309545e-18
539.597361183166 7.262002e-18
539.8574673891062 7.208178e-18
540.1175735950465 7.135849e-18
540.3776798009867 7.1184045e-18
540.637786006927 7.115723e-18
540.8978922128672 7.142156e-18
541.1579984188074 7.152136e-18
541.4181046247477 7.241318e-18
541.6782108306879 7.2998945e-18
541.9383170366282 7.3267754e-18
542.1984232425684 7.341111e-18
542.4585294485087 7.330429e-18
542.7186356544489 7.286093e-18
542.9787418603892 7.292292e-18
543.2388480663294 7.332859e-18
543.4989542722697 7.407351e-18
543.7590604782099 7.458408e-18
544.0191666841502 7.4557345e-18
544.2792728900904 7.441681e-18
544.5393790960306 7.442021e-18
544.7994853019709 7.420802e-18
545.0595915079111 7.399076e-18
545.3196977138514 7.440324e-18
545.5798039197916 7.523917e-18
545.8399101257319 7.549645e-18
546.1000163316721 7.5519985e-18
546.3601225376124 7.594667e-18
546.6202287435526 7.576095e-18
546.8803349494929 7.531328e-18
547.1404411554331 7.499673e-18
547.4005473613734 7.51303e-18
547.6606535673136 7.4770675e-18
547.9207597732538 7.4915945e-18
548.1808659791941 7.501627e-18
548.4409721851343 7.528886e-18
548.7010783910746 7.593391e-18
548.9611845970148 7.623228e-18
549.2212908029551 7.660055e-18
549.4813970088953 7.756495e-18
549.7415032148356 7.832426e-18
550.0016094207758 7.845202e-18
550.2617156267161 7.903726e-18
550.5218218326563 7.943857e-18
550.7819280385966 7.935811e-18
551.0420342445368 7.914796e-18
551.302140450477 7.9326364e-18
551.5622466564173 7.955428e-18
551.8223528623575 7.970023e-18
552.0824590682978 7.951744e-18
552.342565274238 7.911188e-18
552.6026714801783 7.8665985e-18
552.8627776861185 7.864596e-18
553.1228838920588 7.837767e-18
553.382990097999 7.841399e-18
553.6430963039393 8.085527e-18
553.9032025098795 8.629193e-18
554.1633087158198 8.998495e-18
554.42341492176 9.157013e-18
554.6835211277003 9.281192e-18
554.9436273336405 9.13638e-18
555.2037335395808 8.687839e-18
555.463839745521 8.334994e-18
555.7239459514612 8.4036455e-18
555.9840521574015 8.84332e-18
556.2441583633417 9.061833e-18
556.504264569282 9.284414e-18
556.7643707752222 1.06081505e-17
557.0244769811625 3.4560023e-17
557.2845831871027 1.0336379e-16
557.544689393043 1.4899691e-16
557.8047955989832 1.5132945e-16
558.0649018049235 1.5050243e-16
558.3250080108637 1.2955209e-16
558.585114216804 5.716245e-17
558.8452204227442 1.1668167e-17
559.1053266286845 8.758826e-18
559.3654328346247 8.848156e-18
559.625539040565 8.7040295e-18
559.8856452465052 8.63259e-18
560.1457514524454 9.1515044e-18
560.4058576583857 9.2606575e-18
560.6659638643259 9.100098e-18
560.9260700702662 9.02334e-18
561.1861762762064 8.908933e-18
561.4462824821467 8.457642e-18
561.7063886880869 8.376622e-18
561.9664948940272 8.81556e-18
562.2266010999674 8.975604e-18
562.4867073059077 8.920153e-18
562.7468135118479 8.759549e-18
563.0069197177882 8.611228e-18
563.2670259237284 8.182825e-18
563.5271321296686 8.079439e-18
563.7872383356089 8.1628325e-18
564.0473445415491 8.43847e-18
564.3074507474894 8.622841e-18
564.5675569534296 8.593992e-18
564.8276631593699 8.497802e-18
565.0877693653101 8.442504e-18
565.3478755712504 8.1393646e-18
565.6079817771906 7.8985045e-18
565.8680879831309 7.9169705e-18
566.1281941890711 8.024115e-18
566.3883003950114 8.142843e-18
566.6484066009516 8.32216e-18
566.9085128068918 8.419715e-18
567.1686190128321 8.465969e-18
567.4287252187723 8.446665e-18
567.6888314247126 8.419856e-18
567.9489376306528 8.330908e-18
568.2090438365931 8.337253e-18
568.4691500425333 8.37298e-18
568.7292562484736 8.476104e-18
568.9893624544138 8.569762e-18
569.2494686603541 8.658923e-18
569.5095748662943 8.7440055e-18
569.7696810722346 8.792573e-18
570.0297872781748 8.713757e-18
570.289893484115 8.622358e-18
570.5499996900553 8.503327e-18
570.8101058959955 8.4851625e-18
571.0702121019358 8.43987e-18
571.330318307876 8.41355e-18
571.5904245138163 8.451873e-18
571.8505307197565 8.545275e-18
572.1106369256968 8.563648e-18
572.370743131637 8.6078036e-18
572.6308493375773 8.55357e-18
572.8909555435175 8.5268276e-18
573.1510617494578 8.44377e-18
573.411167955398 8.349841e-18
573.6712741613383 8.303376e-18
573.9313803672785 8.2642e-18
574.1914865732188 8.265034e-18
574.451592779159 8.192714e-18
574.7116989850992 8.172252e-18
574.9718051910395 8.139696e-18
575.2319113969797 8.137722e-18
575.49201760292 8.136105e-18
575.7521238088602 8.1507375e-18
576.0122300148005 8.1558925e-18
576.2723362207407 8.234658e-18
576.532442426681 8.233715e-18
576.7925486326212 8.212684e-18
577.0526548385615 8.236073e-18
577.3127610445017 8.18701e-18
577.572867250442 8.133425e-18
577.8329734563822 8.091275e-18
578.0930796623225 8.0477825e-18
578.3531858682627 8.037999e-18
578.613292074203 8.045877e-18
578.8733982801432 8.0597625e-18
579.1335044860834 8.116604e-18
579.3936106920237 8.207836e-18
579.6537168979639 8.2464266e-18
579.9138231039042 8.251242e-18
580.1739293098444 8.23426e-18
580.4340355157847 8.2467856e-18
580.6941417217249 8.269288e-18
580.9542479276652 8.264724e-18
581.2143541336054 8.27378e-18
581.4744603395457 8.28513e-18
581.7345665454859 8.2756715e-18
581.9946727514262 8.286764e-18
582.2547789573664 8.334413e-18
582.5148851633066 8.323033e-18
582.7749913692469 8.378205e-18
583.0350975751871 8.408168e-18
583.2952037811274 8.398318e-18
583.5553099870676 8.400884e-18
583.8154161930079 8.387631e-18
584.0755223989481 8.380867e-18
584.3356286048884 8.326521e-18
584.5957348108286 8.286124e-18
584.8558410167689 8.290656e-18
585.1159472227091 8.269002e-18
585.3760534286494 8.2488345e-18
585.6361596345896 8.268398e-18
585.8962658405298 8.737989e-18
586.1563720464701 1.0494941e-17
586.4164782524103 1.2221951e-17
586.6765844583506 1.2950923e-17
586.9366906642908 1.340007e-17
587.1967968702311 1.3337998e-17
587.4569030761713 1.18920795e-17
587.7170092821116 1.0184963e-17
587.9771154880518 9.8052244e-18
588.2372216939921 1.2352946e-17
588.4973278999323 2.2450233e-17
588.7574341058726 2.9326736e-17
589.0175403118128 3.448899e-17
589.277646517753 3.9257165e-17
589.5377527236933 3.7654244e-17
589.7978589296335 2.827895e-17
590.0579651355738 2.0881687e-17
590.318071341514 1.6602407e-17
590.5781775474543 1.1369893e-17
590.8382837533945 1.0776338e-17
591.0983899593348 1.2118882e-17
591.358496165275 1.2411088e-17
591.6186023712153 1.2065097e-17
591.8787085771555 1.2331388e-17
592.1388147830958 1.25565885e-17
592.398920989036 1.1317554e-17
592.6590271949763 1.14798665e-17
592.9191334009165 1.31571795e-17
593.1792396068568 1.3282468e-17
593.439345812797 1.26026285e-17
593.6994520187372 1.2342632e-17
593.9595582246775 1.1841033e-17
594.2196644306177 1.0572377e-17
594.479770636558 1.0196563e-17
594.7398768424982 1.1191597e-17
594.9999830484385 1.2678392e-17
595.2600892543787 1.2784611e-17
595.520195460319 1.2097614e-17
595.7803016662592 1.18512855e-17
596.0404078721995 1.1065793e-17
596.3005140781397 9.583397e-18
596.56062028408 9.6511455e-18
596.8207264900202 9.936142e-18
597.0808326959605 1.0455702e-17
597.3409389019007 1.1452281e-17
597.601045107841 1.1615165e-17
597.8611513137812 1.1119606e-17
598.1212575197214 1.0722114e-17
598.3813637256617 1.023627e-17
598.6414699316019 9.148336e-18
598.9015761375422 8.72986e-18
599.1616823434824 8.808329e-18
599.4217885494227 9.074431e-18
599.6818947553629 9.251294e-18
599.9420009613032 9.733057e-18
600.2021071672434 9.953997e-18
600.4622133731837 9.788946e-18
600.7223195791239 9.459052e-18
600.9824257850642 9.1890344e-18
601.2425319910044 8.612382e-18
601.5026381969446 8.204378e-18
601.7627444028849 8.171655e-18
602.0228506088251 8.127584e-18
602.2829568147654 8.220007e-18
602.5430630207056 8.330784e-18
602.8031692266459 8.54328e-18
603.0632754325861 8.828359e-18
603.3233816385264 8.843253e-18
603.5834878444666 8.729074e-18
603.8435940504069 8.561752e-18
604.1037002563471 8.332845e-18
604.3638064622874 8.009963e-18
604.6239126682276 7.8922775e-18
604.8840188741679 7.872991e-18
605.1441250801081 7.827295e-18
605.4042312860483 7.81654e-18
605.6643374919886 7.868226e-18
605.9244436979288 7.9299845e-18
606.1845499038691 8.064828e-18
606.4446561098093 8.178992e-18
606.7047623157496 8.174335e-18
606.9648685216898 8.090611e-18
607.2249747276301 7.931897e-18
607.4850809335703 7.815536e-18
607.7451871395106 7.636889e-18
608.0052933454508 7.534008e-18
608.265399551391 7.52762e-18
608.5255057573313 7.503556e-18
608.7856119632715 7.468727e-18
609.0457181692118 7.503652e-18
609.305824375152 7.587396e-18
609.5659305810923 7.64872e-18
609.8260367870325 7.734067e-18
610.0861429929728 7.893669e-18
610.346249198913 7.891976e-18
610.6063554048533 7.809826e-18
610.8664616107935 7.74643e-18
611.1265678167338 7.654057e-18
611.386674022674 7.4921876e-18
611.6467802286143 7.406711e-18
611.9068864345545 7.372476e-18
612.1669926404948 7.297846e-18
612.427098846435 7.300997e-18
612.6872050523752 7.308958e-18
612.9473112583155 7.35692e-18
613.2074174642557 7.663434e-18
613.4675236701961 8.1842135e-18
613.7276298761363 8.615509e-18
613.9877360820766 9.159101e-18
614.2478422880168 9.30398e-18
614.5079484939571 9.183847e-18
614.7680546998973 8.806011e-18
615.0281609058376 8.4535485e-18
615.2882671117778 8.030807e-18
615.5483733177181 7.790348e-18
615.8084795236583 7.653774e-18
616.0685857295986 7.514981e-18
616.3286919355388 7.645376e-18
616.5887981414791 8.279353e-18
616.8489043474193 8.6905986e-18
617.1090105533596 8.98596e-18
617.3691167592998 9.155006e-18
617.62922296524 9.0438196e-18
617.8893291711803 8.435005e-18
618.1494353771205 7.934104e-18
618.4095415830608 7.752427e-18
618.669647789001 7.635625e-18
618.9297539949413 7.784056e-18
619.1898602008815 7.795769e-18
619.4499664068218 7.707117e-18
619.710072612762 8.082419e-18
619.9701788187023 8.56894e-18
620.2302850246425 8.460941e-18
620.4903912305828 8.459353e-18
620.750497436523 8.590676e-18
621.0106036424633 8.474226e-18
621.2707098484035 7.8930525e-18
621.5308160543437 8.1265234e-18
621.790922260284 8.923205e-18
622.0510284662242 8.9522896e-18
622.3111346721645 8.711776e-18
622.5712408781047 8.738399e-18
622.831347084045 9.632894e-18
623.0914532899852 1.2535459e-17
623.3515594959255 1.5012236e-17
623.6116657018657 1.6350861e-17
623.871771907806 1.7519765e-17
624.1318781137462 1.7195436e-17
624.3919843196865 1.4048839e-17
624.6520905256267 1.10182865e-17
624.912196731567 9.6806155e-18
625.1723029375072 1.03290366e-17
625.4324091434474 1.2804081e-17
625.6925153493877 1.3541952e-17
625.9526215553279 1.4467321e-17
626.2127277612682 1.5520267e-17
626.4728339672084 1.4493897e-17
626.7329401731487 1.1477429e-17
626.9930463790889 1.0530775e-17
627.2531525850292 1.025786e-17
627.5132587909694 9.432076e-18
627.7733649969097 8.927298e-18
628.0334712028499 9.4825645e-18
628.2935774087902 1.1667836e-17
628.5536836147304 1.2516331e-17
628.8137898206706 1.2299193e-17
629.0738960266109 1.3230941e-17
629.3340022325511 2.6018596e-17
629.5941084384914 6.535153e-17
629.8542146444316 8.544848e-17
630.1143208503719 8.823838e-17
630.3744270563121 9.05438e-17
630.6345332622524 7.945656e-17
630.8946394681926 3.8363178e-17
631.1547456741329 1.413911e-17
631.4148518800731 1.1522398e-17
631.6749580860134 9.43125e-18
631.9350642919536 9.318532e-18
632.1951704978939 9.744092e-18
632.4552767038341 1.2105523e-17
632.7153829097743 1.4031428e-17
632.9754891157146 1.3195735e-17
633.2355953216548 1.2399892e-17
633.4957015275951 1.20747334e-17
633.7558077335353 1.0113321e-17
634.0159139394756 7.914455e-18
634.2760201454158 8.148151e-18
634.5361263513561 8.8730465e-18
634.7962325572963 9.1252845e-18
635.0563387632366 1.03620485e-17
635.3164449691768 1.1837568e-17
635.5765511751171 1.2986273e-17
635.8366573810573 2.3489608e-17
636.0967635869976 3.4018233e-17
636.3568697929378 3.4623567e-17
636.616975998878 3.2887384e-17
636.8770822048183 3.135667e-17
637.1371884107585 2.1841805e-17
637.3972946166988 9.675541e-18
637.657400822639 8.094136e-18
637.9175070285793 8.383219e-18
638.1776132345195 9.3542125e-18
638.4377194404598 9.856477e-18
638.6978256464 9.518896e-18
638.9579318523403 9.06752e-18
639.2180380582805 8.77926e-18
639.4781442642208 7.824836e-18
639.738250470161 7.0707035e-18
639.9983566761013 6.955833e-18
640.2584628820415 6.8528646e-18
640.5185690879817 6.7906375e-18
640.778675293922 6.9354504e-18
641.0387814998622 7.186091e-18
641.2988877058025 7.311223e-18
641.5589939117427 7.7752025e-18
641.819100117683 8.032343e-18
642.0792063236232 7.948778e-18
642.3393125295635 7.6491046e-18
642.5994187355037 7.507037e-18
642.8595249414441 7.043655e-18
643.1196311473843 6.7148003e-18
643.3797373533246 6.624677e-18
643.6398435592648 6.5693046e-18
643.8999497652051 6.592097e-18
644.1600559711453 6.6077615e-18
644.4201621770856 6.697274e-18
644.6802683830258 6.9298445e-18
644.940374588966 7.191606e-18
645.2004807949063 7.448634e-18
645.4605870008465 7.745328e-18
645.7206932067868 8.2640315e-18
645.980799412727 9.9323315e-18
646.2409056186673 1.1622718e-17
646.5010118246075 1.3028938e-17
646.7611180305478 1.4195897e-17
647.021224236488 1.4124609e-17
647.2813304424283 1.2925611e-17
647.5414366483685 1.1189597e-17
647.8015428543088 9.672654e-18
648.061649060249 7.9631015e-18
648.3217552661893 7.403142e-18
648.5818614721295 6.963255e-18
648.8419676780698 6.595962e-18
649.10207388401 7.1398186e-18
649.3621800899502 1.01931995e-17
649.6222862958905 1.2638792e-17
649.8823925018307 1.3502215e-17
650.142498707771 1.4564862e-17
650.4026049137112 1.4333712e-17
650.6627111196515 1.1744875e-17
650.9228173255917 9.158857e-18
651.182923531532 8.474923e-18
651.4430297374722 7.369448e-18
651.7031359434125 7.697753e-18
651.9632421493527 8.3146425e-18
652.223348355293 8.231255e-18
652.4834545612332 8.257516e-18
652.7435607671734 1.02114164e-17
653.0036669731137 1.1786135e-17
653.2637731790539 1.135152e-17
653.5238793849942 1.1265988e-17
653.7839855909344 1.19236414e-17
654.0440917968747 1.14350176e-17
654.3041980028149 9.421225e-18
654.5643042087552 9.289839e-18
654.8244104146954 1.18012965e-17
655.0845166206357 1.3499801e-17
655.3446228265759 1.2580211e-17
655.6047290325162 1.23728104e-17
655.8648352384564 1.2717851e-17
656.1249414443967 1.1036124e-17
656.3850476503369 9.126355e-18
656.6451538562771 9.336466e-18
656.9052600622174 9.512666e-18
657.1653662681576 1.0684839e-17
657.4254724740979 1.2340225e-17
657.6855786800381 1.1884713e-17
657.9456848859784 1.1074277e-17
658.2057910919186 1.0786814e-17
658.4658972978589 9.331435e-18
658.7260035037991 6.972985e-18
658.9861097097394 6.7477358e-18
659.2462159156796 7.421621e-18
659.5063221216199 7.66344e-18
659.7664283275601 8.296783e-18
660.0265345335004 9.683498e-18
660.2866407394406 9.823138e-18
660.5467469453808 9.131703e-18
660.8068531513211 8.7762895e-18
661.0669593572613 8.260814e-18
661.3270655632016 6.8027776e-18
661.5871717691418 6.2459684e-18
661.8472779750821 6.2325863e-18
662.1073841810223 6.380378e-18
662.3674903869626 6.7705796e-18
662.6275965929028 7.003224e-18
662.8877027988431 7.566165e-18
663.1478090047833 8.057019e-18
663.4079152107236 8.0274016e-18
663.6680214166638 7.694223e-18
663.928127622604 7.424872e-18
664.1882338285443 6.9388612e-18
664.4483400344845 6.3733096e-18
664.7084462404248 6.2562184e-18
664.968552446365 6.2338502e-18
665.2286586523053 6.2308968e-18
665.4887648582455 6.308083e-18
665.7488710641858 6.4649215e-18
666.008977270126 6.5669484e-18
666.2690834760663 6.8126637e-18
666.5291896820065 6.989249e-18
666.7892958879468 6.954527e-18
667.049402093887 6.8103223e-18
667.3095082998273 6.6162335e-18
667.5696145057675 6.3043947e-18
667.8297207117078 6.0829626e-18
668.089826917648 6.065696e-18
668.3499331235882 6.1415216e-18
668.6100393295285 6.201143e-18
668.8701455354687 6.1999884e-18
669.130251741409 6.2386326e-18
669.3903579473492 6.399927e-18
669.6504641532895 6.5348096e-18
669.9105703592297 6.678671e-18
670.17067656517 6.8101023e-18
670.4307827711102 6.8343817e-18
670.6908889770505 6.7201853e-18
670.9509951829907 6.5859364e-18
671.211101388931 6.437067e-18
671.4712075948712 6.290316e-18
671.7313138008114 6.2820227e-18
671.9914200067517 6.2392377e-18
672.2515262126919 6.184223e-18
672.5116324186322 6.1406224e-18
672.7717386245724 6.1664863e-18
673.0318448305127 6.162264e-18
673.2919510364529 6.1499902e-18
673.5520572423932 6.225394e-18
673.8121634483334 6.3364806e-18
674.0722696542737 6.4255613e-18
674.3323758602139 6.4683067e-18
674.5924820661542 6.4535142e-18
674.8525882720944 6.385943e-18
675.1126944780347 6.2542642e-18
675.3728006839749 6.097316e-18
675.6329068899151 6.014316e-18
675.8930130958554 5.954144e-18
676.1531193017956 5.963776e-18
676.4132255077359 5.956795e-18
676.6733317136761 5.9124562e-18
676.9334379196164 5.863877e-18
677.1935441255566 5.885101e-18
677.4536503314969 5.8834057e-18
677.7137565374371 5.892626e-18
677.9738627433774 5.947674e-18
678.2339689493176 6.033041e-18
678.4940751552579 6.1135496e-18
678.7541813611981 6.1178373e-18
679.0142875671384 6.099472e-18
679.2743937730786 6.0114073e-18
679.5344999790188 5.929775e-18
679.7946061849591 5.8578888e-18
680.0547123908993 5.862628e-18
680.3148185968396 5.8591854e-18
680.5749248027798 5.8732714e-18
680.8350310087201 5.8894453e-18
681.0951372146603 5.8569665e-18
681.3552434206006 5.891347e-18
681.6153496265408 5.938857e-18
681.8754558324811 6.0762215e-18
682.1355620384213 7.770898e-18
682.3956682443616 1.3203001e-17
682.6557744503018 1.8373357e-17
682.915880656242 2.3178846e-17
683.1759868621823 2.628687e-17
683.4360930681225 2.591144e-17
683.6961992740628 2.2363867e-17
683.956305480003 1.7444407e-17
684.2164116859433 1.28756105e-17
684.4765178918835 9.151771e-18
684.7366240978238 8.55376e-18
684.996730303764 7.351337e-18
685.2568365097043 6.475268e-18
685.5169427156445 6.77394e-18
685.7770489215848 1.2085669e-17
686.037155127525 1.9308e-17
686.2972613334653 2.1015369e-17
686.5573675394055 2.1676162e-17
686.8174737453458 2.1747721e-17
687.077579951286 1.7472204e-17
687.3376861572262 9.676223e-18
687.5977923631665 8.079529e-18
687.8578985691067 8.134047e-18
688.118004775047 7.85379e-18
688.3781109809872 9.286054e-18
688.6382171869275 1.05556195e-17
688.8983233928677 1.0035457e-17
689.158429598808 9.2780515e-18
689.4185358047482 9.730856e-18
689.6786420106885 1.0275759e-17
689.9387482166287 9.220919e-18
690.198854422569 8.849183e-18
690.4589606285092 9.055398e-18
690.7190668344494 1.0703032e-17
690.9791730403897 1.1022387e-17
691.2392792463299 1.0413638e-17
691.4993854522702 1.0874648e-17
691.7594916582104 1.4409033e-17
692.0195978641507 1.6371646e-17
692.2797040700909 1.4565752e-17
692.5398102760312 1.4276151e-17
692.7999164819714 1.4022356e-17
693.0600226879117 1.10915805e-17
693.3201288938519 8.133521e-18
693.5802350997922 9.693427e-18
693.8403413057324 1.0293345e-17
694.1004475116727 1.0921124e-17
694.3605537176129 1.5771216e-17
694.6206599235531 1.8875443e-17
694.8807661294934 1.7159385e-17
695.1408723354336 1.6340895e-17
695.4009785413739 1.5945496e-17
695.6610847473141 1.2105423e-17
695.9211909532544 7.26113e-18
696.1812971591946 6.6669856e-18
696.4414033651349 7.926083e-18
696.7015095710751 9.071066e-18
696.9616157770154 9.380953e-18
697.2217219829556 1.1460855e-17
697.4818281888959 1.4516945e-17
697.7419343948361 1.4161898e-17
698.0020406007764 1.2716039e-17
698.2621468067166 1.2467326e-17
698.5222530126568 1.0939465e-17
698.7823592185971 7.258364e-18
699.0424654245373 6.301716e-18
699.3025716304776 6.374271e-18
699.5626778364178 6.4450464e-18
699.8227840423581 7.188911e-18
700.0828902482983 7.880293e-18
700.3429964542386 8.115103e-18
700.6031026601788 9.571349e-18
700.8632088661191 1.05725346e-17
701.1233150720593 9.936987e-18
701.3834212779996 9.037379e-18
701.6435274839398 8.731563e-18
701.90363368988 7.342556e-18
702.1637398958203 5.905749e-18
702.4238461017605 5.706859e-18
702.6839523077008 5.808732e-18
702.944058513641 5.7899628e-18
703.2041647195813 5.7821674e-18
703.4642709255215 6.0046186e-18
703.7243771314618 6.459083e-18
703.984483337402 6.8501387e-18
704.2445895433423 8.1195635e-18
704.5046957492825 9.458512e-18
704.7648019552228 9.8660115e-18
705.024908161163 9.7140385e-18
705.2850143671033 9.353517e-18
705.5451205730435 8.460111e-18
705.8052267789838 7.27838e-18
706.065332984924 6.9773595e-18
706.3254391908642 7.045456e-18
706.5855453968045 7.255188e-18
706.8456516027447 7.425246e-18
707.105757808685 7.436408e-18
707.3658640146252 7.386693e-18
707.6259702205655 7.3700395e-18
707.8860764265057 7.486154e-18
708.146182632446 7.542922e-18
708.4062888383862 7.946452e-18
708.6663950443265 8.064919e-18
708.9265012502667 7.775362e-18
709.186607456207 7.3565895e-18
709.4467136621472 7.044538e-18
709.7068198680875 6.4618402e-18
709.9669260740277 6.0022157e-18
710.227032279968 5.89615e-18
710.4871384859082 5.8962373e-18
710.7472446918484 5.9010854e-18
711.0073508977887 5.8627543e-18
711.2674571037289 5.839576e-18
711.5275633096692 5.7938704e-18
711.7876695156094 5.748396e-18
712.0477757215497 5.7827043e-18
712.3078819274899 6.087427e-18
712.5679881334302 6.315692e-18
712.8280943393704 6.649005e-18
713.0882005453107 6.7946018e-18
713.3483067512509 6.7341837e-18
713.6084129571911 6.7187754e-18
713.8685191631314 7.136663e-18
714.1286253690716 7.4564914e-18
714.3887315750119 7.67307e-18
714.6488377809521 7.885094e-18
714.9089439868924 7.777789e-18
715.1690501928326 7.29588e-18
715.4291563987729 6.882602e-18
715.6892626047131 6.7453676e-18
715.9493688106534 6.7729234e-18
716.2094750165936 6.952812e-18
716.4695812225339 7.1128475e-18
716.7296874284741 7.1142785e-18
716.9897936344144 7.118236e-18
717.2498998403546 7.1609845e-18
717.5100060462948 7.231687e-18
717.7701122522351 7.205774e-18
718.0302184581753 7.041873e-18
718.2903246641156 6.72341e-18
718.5504308700558 6.37932e-18
718.8105370759961 5.9874137e-18
719.0706432819363 5.685149e-18
719.3307494878766 5.581882e-18
719.5908556938168 5.6371718e-18
719.8509618997571 5.6249647e-18
720.1110681056973 5.643633e-18
720.3711743116376 5.6594548e-18
720.6312805175778 5.612697e-18
720.891386723518 5.5595487e-18
721.1514929294583 5.5308265e-18
721.4115991353985 5.5590437e-18
721.6717053413388 5.7479064e-18
721.931811547279 6.0171405e-18
722.1919177532193 6.267074e-18
722.4520239591595 6.5549113e-18
722.7121301650998 6.8486047e-18
722.97223637104 7.2480245e-18
723.2323425769803 1.0766886e-17
723.4924487829205 2.26409e-17
723.7525549888608 3.4048213e-17
724.012661194801 4.5175132e-17
724.2727674007413 5.128943e-17
724.5328736066815 5.0022073e-17
724.7929798126218 4.2195826e-17
725.053086018562 3.1944752e-17
725.3131922245022 2.1494659e-17
725.5732984304425 1.3408033e-17
725.8334046363827 1.1912376e-17
726.093510842323 1.0195204e-17
726.3536170482632 8.342434e-18
726.6137232542035 8.268881e-18
726.8738294601437 1.2806734e-17
727.133935666084 2.7796366e-17
727.3940418720242 3.6505866e-17
727.6541480779645 3.84102e-17
727.9142542839047 4.3420547e-17
728.174360489845 4.36553e-17
728.4344666957852 3.0247795e-17
728.6945729017255 1.9943108e-17
728.9546791076657 1.9022636e-17
729.214785313606 1.5570692e-17
729.4748915195462 1.1320268e-17
729.7349977254864 1.2812001e-17
729.9951039314267 1.5598319e-17
730.2552101373669 1.5597905e-17
730.5153163433072 1.4352267e-17
730.7754225492474 1.514929e-17
731.0355287551877 2.271195e-17
731.2956349611279 2.8340217e-17
731.5557411670682 2.8570292e-17
731.8158473730084 2.8133375e-17
732.0759535789487 2.748136e-17
732.3360597848889 2.4448106e-17
732.5961659908291 1.8234179e-17
732.8562721967694 1.6394352e-17
733.1163784027096 1.6796822e-17
733.3764846086499 2.2276158e-17
733.6365908145901 3.271233e-17
733.8966970205304 3.3697403e-17
734.1568032264706 3.3091794e-17
734.4169094324109 3.3076534e-17
734.6770156383511 2.9228285e-17
734.9371218442914 1.5225105e-17
735.1972280502316 1.0633088e-17
735.4573342561719 1.5023875e-17
735.7174404621121 1.6253341e-17
735.9775466680524 1.6495083e-17
736.2376528739926 2.1097763e-17
736.4977590799328 2.999583e-17
736.7578652858731 2.9559948e-17
737.0179714918133 2.798869e-17
737.2780776977536 2.735108e-17
737.5381839036938 2.3194154e-17
737.7982901096341 1.2732084e-17
738.0583963155743 7.013945e-18
738.3185025215146 6.7191658e-18
738.5786087274548 9.121646e-18
738.8387149333951 1.2235426e-17
739.0988211393353 1.31148345e-17
739.3589273452756 1.4574957e-17
739.6190335512158 2.0209707e-17
739.879139757156 2.3668033e-17
740.1392459630963 2.0897769e-17
740.3993521690365 1.9600792e-17
740.6594583749768 1.8764667e-17
740.919564580917 1.3959788e-17
741.1796707868573 7.3329636e-18
741.4397769927975 6.5315046e-18
741.6998831987378 6.5060907e-18
741.959989404678 6.452807e-18
742.2200956106183 6.760803e-18
742.4802018165585 8.7232805e-18
742.7403080224988 9.666436e-18
743.000414228439 1.0212393e-17
743.2605204343793 1.3579873e-17
743.5206266403195 1.6032117e-17
743.7807328462598 1.4741096e-17
744.0408390522 1.3411717e-17
744.3009452581402 1.27237815e-17
744.5610514640805 1.000333e-17
744.8211576700207 6.6760275e-18
745.081263875961 5.745817e-18
745.3413700819012 5.8713615e-18
745.6014762878415 6.4797483e-18
745.8615824937817 7.512027e-18
746.121688699722 8.852302e-18
746.3817949056622 1.0392569e-17
746.6419011116025 1.2756171e-17
746.9020073175427 1.4985586e-17
747.162113523483 1.5787387e-17
747.4222197294232 1.728829e-17
747.6823259353635 1.8962978e-17
747.9424321413037 1.9303383e-17
748.202538347244 1.7068711e-17
748.4626445531842 1.5613529e-17
748.7227507591244 1.367386e-17
748.9828569650647 1.12819776e-17
749.2429631710049 8.415983e-18
749.5030693769452 7.543424e-18
749.7631755828854 7.378255e-18
750.0232817888257 6.9086526e-18
750.2833879947659 6.057331e-18
750.5434942007062 5.7199374e-18
750.8036004066464 5.6355158e-18
751.0637066125867 6.0104205e-18
751.3238128185269 6.746425e-18
751.5839190244671 8.992995e-18
751.8440252304074 1.5652912e-17
752.1041314363476 2.0901137e-17
752.3642376422879 2.265349e-17
752.6243438482281 2.3867023e-17
752.8844500541684 2.2865176e-17
753.1445562601086 1.7422159e-17
753.4046624660489 1.1402282e-17
753.6647686719891 9.978156e-18
753.9248748779294 8.049254e-18
754.1849810838696 7.055835e-18
754.4450872898099 6.9265623e-18
754.7051934957501 6.654407e-18
754.9652997016904 6.522141e-18
755.2254059076306 7.867184e-18
755.4855121135708 8.720213e-18
755.7456183195111 8.871208e-18
756.0057245254513 9.014672e-18
756.2658307313916 9.626312e-18
756.5259369373318 1.189895e-17
756.7860431432721 1.5382024e-17
757.0461493492123 1.6773565e-17
757.3062555551526 1.6779615e-17
757.5663617610928 1.6068046e-17
757.8264679670331 1.36998406e-17
758.0865741729733 1.075896e-17
758.3466803789136 9.523774e-18
758.6067865848538 9.37507e-18
758.866892790794 9.364073e-18
759.1269989967343 9.759843e-18
759.3871052026745 9.782573e-18
759.6472114086148 8.7151e-18
759.907317614555 8.1183765e-18
760.1674238204953 7.786815e-18
760.4275300264355 7.028818e-18
760.6876362323758 5.2057462e-18
760.947742438316 4.627744e-18
761.2078486442564 6.0457618e-18
761.4679548501966 7.672228e-18
761.7280610561369 8.489756e-18
761.9881672620771 9.093765e-18
762.2482734680174 1.0737475e-17
762.5083796739576 1.1339158e-17
762.7684858798979 1.0201456e-17
763.0285920858381 9.3872385e-18
763.2886982917784 8.943212e-18
763.5488044977186 7.541053e-18
763.8089107036589 5.802704e-18
764.0690169095991 5.2613766e-18
764.3291231155393 5.3846604e-18
764.5892293214796 5.9138525e-18
764.8493355274198 6.724903e-18
765.1094417333601 7.120368e-18
765.3695479393003 7.53235e-18
765.6296541452406 9.020208e-18
765.8897603511808 1.0227878e-17
766.1498665571211 9.7711884e-18
766.4099727630613 9.258692e-18
766.6700789690016 9.03699e-18
766.9301851749418 7.93912e-18
767.1902913808821 6.12659e-18
767.4503975868223 5.88473e-18
767.7105037927626 6.24556e-18
767.9706099987028 6.699558e-18
768.230716204643 7.322044e-18
768.4908224105833 7.976178e-18
768.7509286165235 8.681335e-18
769.0110348224638 8.820107e-18
769.271141028404 9.276107e-18
769.5312472343443 9.756478e-18
769.7913534402845 9.564325e-18
770.0514596462248 8.999878e-18
770.311565852165 9.409523e-18
770.5716720581053 1.729758e-17
770.8317782640455 3.0379915e-17
771.0918844699858 4.5550302e-17
771.351990675926 5.633572e-17
771.6120968818663 5.951477e-17
771.8722030878065 5.6770815e-17
772.1323092937467 4.680509e-17
772.392415499687 3.249513e-17
772.6525217056272 2.0136001e-17
772.9126279115675 1.653192e-17
773.1727341175077 1.4545779e-17
773.432840323448 1.1281763e-17
773.6929465293882 9.7883615e-18
773.9530527353285 9.870049e-18
774.2131589412687 1.34672084e-17
774.473265147209 2.8026004e-17
774.7333713531492 4.015678e-17
774.9934775590895 4.329692e-17
775.2535837650297 4.6137097e-17
775.51368997097 4.8524866e-17
775.7737961769102 3.785725e-17
776.0339023828504 2.3414294e-17
776.2940085887907 2.0007211e-17
776.5541147947309 1.8762628e-17
776.8142210006712 1.6052505e-17
777.0743272066114 1.4777911e-17
777.3344334125517 1.6981388e-17
777.5945396184919 2.026169e-17
777.8546458244322 2.0724069e-17
778.1147520303724 1.847697e-17
778.3748582363127 1.7175183e-17
778.6349644422529 2.0985374e-17
778.8950706481932 2.8451225e-17
779.1551768541334 3.3023747e-17
779.4152830600736 3.3542558e-17
779.6753892660139 3.2678415e-17
779.9354954719541 2.9464643e-17
780.1956016778944 2.2410804e-17
780.4557078838346 1.8840891e-17
780.7158140897749 1.8992214e-17
780.9759202957151 1.9610722e-17
781.2360265016554 2.145219e-17
781.4961327075956 2.9852856e-17
781.7562389135359 3.761151e-17
782.0163451194761 3.942718e-17
782.2764513254164 3.9334718e-17
782.5365575313566 3.7626004e-17
782.7966637372969 2.8352247e-17
783.0567699432371 1.4269263e-17
783.3168761491773 1.0780668e-17
783.5769823551176 1.4673196e-17
783.8370885610578 1.7492412e-17
784.0971947669981 1.8570837e-17
784.3573009729383 2.1608571e-17
784.6174071788786 3.1956836e-17
784.8775133848188 4.34372e-17
785.1376195907591 4.8817384e-17
785.3977257966993 5.38322e-17
785.6578320026396 5.683709e-17
785.9179382085798 5.0653344e-17
786.1780444145201 3.757197e-17
786.4381506204603 3.405955e-17
786.6982568264006 3.3743192e-17
786.9583630323408 2.9299154e-17
787.218469238281 3.0122358e-17
787.4785754442213 3.248084e-17
787.7386816501615 3.014598e-17
787.9987878561018 2.5011814e-17
788.258894062042 2.8423137e-17
788.5190002679823 3.413122e-17
788.7791064739225 3.3235267e-17
789.0392126798628 2.9757435e-17
789.299318885803 2.7670525e-17
789.5594250917433 2.3320584e-17
789.8195312976835 1.5028755e-17
790.0796375036238 1.0272678e-17
790.339743709564 1.023128e-17
790.5998499155043 1.9831263e-17
790.8599561214445 3.6106837e-17
791.1200623273847 4.6654707e-17
791.380168533325 5.3594574e-17
791.6402747392652 5.99107e-17
791.9003809452055 5.6907644e-17
792.1604871511457 4.2464564e-17
792.420593357086 3.363331e-17
792.6806995630262 3.277495e-17
792.9408057689665 2.7053931e-17
793.2009119749067 2.2577144e-17
793.461018180847 2.11772e-17
793.7211243867872 1.834847e-17
793.9812305927275 1.26252254e-17
794.2413367986677 1.2830106e-17
794.501443004608 1.5809283e-17
794.7615492105482 1.6939506e-17
795.0216554164884 1.6763123e-17
795.2817616224287 1.5986612e-17
795.5418678283689 1.4749464e-17
795.8019740343092 2.1080579e-17
796.0620802402494 3.024926e-17
796.3221864461897 3.489642e-17
796.5822926521299 3.6301817e-17
796.8423988580702 3.5673865e-17
797.1025050640104 3.12327e-17
797.3626112699507 2.53411e-17
797.6227174758909 2.3575528e-17
797.8828236818312 2.305701e-17
798.1429298877714 2.286235e-17
798.4030360937116 2.352836e-17
798.6631422996519 2.8249115e-17
798.9232485055921 3.5726834e-17
799.1833547115324 3.9201092e-17
799.4434609174726 3.976149e-17
799.7035671234129 3.793273e-17
799.9636733293531 2.987178e-17
800.2237795352934 1.4874734e-17
800.4838857412336 9.565987e-18
800.7439919471739 1.2112091e-17
801.0040981531141 1.556853e-17
801.2642043590544 1.728955e-17
801.5243105649946 1.8703732e-17
801.7844167709349 2.3134895e-17
802.0445229768751 3.041842e-17
802.3046291828153 3.3804198e-17
802.5647353887556 3.3896753e-17
802.8248415946958 3.3038646e-17
803.0849478006361 2.9236133e-17
803.3450540065763 2.0009861e-17
803.6051602125166 1.12877455e-17
803.8652664184568 8.185761e-18
804.1253726243971 7.560078e-18
804.3854788303373 8.570969e-18
804.6455850362776 1.1099078e-17
804.9056912422178 1.2773725e-17
805.1657974481581 1.3499194e-17
805.4259036540983 1.5768076e-17
805.6860098600386 2.0303185e-17
805.9461160659788 2.1023111e-17
806.206222271919 1.9711254e-17
806.4663284778593 1.8990637e-17
806.7264346837995 1.7234665e-17
806.9865408897398 1.2008577e-17
807.24664709568 8.452671e-18
807.5067533016203 7.504817e-18
807.7668595075605 7.671585e-18
808.0269657135008 8.0578815e-18
808.287071919441 8.091361e-18
808.5471781253813 8.284663e-18
808.8072843313215 9.218929e-18
809.0673905372618 9.910443e-18
809.327496743202 1.02172175e-17
809.5876029491423 1.1881675e-17
809.8477091550825 1.3797399e-17
810.1078153610227 1.3684127e-17
810.367921566963 1.2888473e-17
810.6280277729032 1.2218492e-17
810.8881339788435 1.0611013e-17
811.1482401847837 8.034047e-18
811.408346390724 6.772832e-18
811.6684525966642 6.392576e-18
811.9285588026045 6.3037706e-18
812.1886650085447 6.361314e-18
812.448771214485 6.556665e-18
812.7088774204252 6.7439266e-18
812.9689836263655 7.022323e-18
813.2290898323057 7.697225e-18
813.489196038246 8.351423e-18
813.7493022441862 8.768117e-18
814.0094084501264 9.55543e-18
814.2695146560667 1.0243237e-17
814.5296208620069 1.0053687e-17
814.7897270679472 9.325112e-18
815.0498332738874 8.66953e-18
815.3099394798277 7.869309e-18
815.5700456857679 6.8043294e-18
815.8301518917082 6.181226e-18
816.0902580976484 6.00037e-18
816.3503643035887 5.940697e-18
816.6104705095289 5.9100603e-18
816.8705767154692 5.920719e-18
817.1306829214094 5.8644297e-18
817.3907891273496 5.88871e-18
817.6508953332899 5.920307e-18
817.9110015392301 6.021451e-18
818.1711077451704 6.246503e-18
818.4312139511106 6.5749845e-18
818.6913201570509 6.8098665e-18
818.9514263629911 7.270231e-18
819.2115325689314 7.5388836e-18
819.4716387748716 7.413487e-18
819.7317449808119 7.155398e-18
819.9918511867521 7.0797686e-18
820.2519573926924 6.8734383e-18
820.5120635986326 6.6957677e-18
820.7721698045729 6.709729e-18
821.0322760105131 6.8243588e-18
821.2923822164533 6.8283615e-18
821.5524884223936 6.713201e-18
821.8125946283338 6.601945e-18
822.0727008342741 6.5736883e-18
822.3328070402143 6.418343e-18
822.5929132461546 6.2808308e-18
822.8530194520948 6.2470094e-18
823.1131256580351 6.203244e-18
823.3732318639753 6.2477233e-18
823.6333380699156 6.515477e-18
823.8934442758558 6.8445e-18
824.1535504817961 7.218203e-18
824.4136566877363 7.563548e-18
824.6737628936766 7.647192e-18
824.9338690996168 7.624583e-18
825.193975305557 7.529157e-18
825.4540815114973 7.2499585e-18
825.7141877174375 7.006669e-18
825.9742939233778 6.8979257e-18
826.234400129318 6.8418106e-18
826.4945063352583 6.885777e-18
826.7546125411985 7.204337e-18
827.0147187471388 9.138773e-18
827.274824953079 1.4902362e-17
827.5349311590193 2.4319997e-17
827.7950373649595 3.367061e-17
828.0551435708998 4.31805e-17
828.31524977684 5.327297e-17
828.5753559827803 5.759331e-17
828.8354621887205 5.4251918e-17
829.0955683946607 5.3400163e-17
829.355674600601 5.77807e-17
829.6157808065412 5.507433e-17
829.8758870124815 4.803916e-17
830.1359932184217 4.475054e-17
830.396099424362 4.0162398e-17
830.6562056303022 3.0509425e-17
830.9163118362425 2.1882894e-17
831.1764180421827 1.9045246e-17
831.436524248123 1.8069827e-17
831.6966304540632 1.5565393e-17
831.9567366600035 1.1522985e-17
832.2168428659437 9.361705e-18
832.476949071884 8.4273095e-18
832.7370552778242 7.984848e-18
832.9971614837644 8.049471e-18
833.2572676897047 9.013199e-18
833.5173738956449 1.5345486e-17
833.7774801015852 3.671e-17
834.0375863075254 6.191176e-17
834.2976925134657 7.686637e-17
834.5577987194059 8.598545e-17
834.8179049253462 9.0852946e-17
835.0780111312864 8.042639e-17
835.3381173372267 5.4080655e-17
835.5982235431669 3.9204937e-17
835.8583297491072 3.367148e-17
836.1184359550474 2.6461461e-17
836.3785421609876 2.1038305e-17
836.6386483669279 1.9195593e-17
836.8987545728681 1.7770973e-17
837.1588607788084 1.502985e-17
837.4189669847486 1.440328e-17
837.6790731906889 1.9815254e-17
837.9391793966291 2.4100053e-17
838.1992856025694 2.601707e-17
838.4593918085096 2.6280936e-17
838.7194980144499 2.4515962e-17
838.9796042203901 2.2043642e-17
839.2397104263304 3.142301e-17
839.4998166322706 4.6215954e-17
839.7599228382109 5.5705466e-17
840.0200290441511 5.8079706e-17
840.2801352500913 5.575511e-17
840.5402414560316 4.5939722e-17
840.8003476619718 3.1712536e-17
841.0604538679121 2.7427385e-17
841.3205600738523 2.8646542e-17
841.5806662797926 2.9688872e-17
841.8407724857328 3.019428e-17
842.1008786916731 3.1562112e-17
842.3609848976133 4.0257603e-17
842.6210911035536 5.8634334e-17
842.8811973094938 6.6466576e-17
843.1413035154341 6.9020334e-17
843.4014097213743 6.589561e-17
843.6615159273146 5.1321968e-17
843.9216221332548 2.7585223e-17
844.181728339195 1.5287555e-17
844.4418345451353 1.4667628e-17
844.7019407510755 2.0820742e-17
844.9620469570158 2.5914311e-17
845.222153162956 2.7939507e-17
845.4822593688963 2.9405275e-17
845.7423655748365 3.461124e-17
846.0024717807768 4.3562488e-17
846.262577986717 5.037545e-17
846.5226841926573 5.257918e-17
846.7827903985975 5.243214e-17
847.0428966045378 4.7252623e-17
847.303002810478 3.3350837e-17
847.5631090164183 1.7055711e-17
847.8232152223585 1.10962085e-17
848.0833214282987 9.27577e-18
848.343427634239 8.92275e-18
848.6035338401792 1.1201483e-17
848.8636400461195 1.673294e-17
849.1237462520597 2.0036735e-17
849.383852458 2.1902517e-17
849.6439586639402 2.5607793e-17
849.9040648698805 3.317105e-17
850.1641710758207 3.6461764e-17
850.424277281761 3.6181416e-17
850.6843834877012 3.5217357e-17
850.9444896936415 3.20947e-17
851.2045958995817 2.4226247e-17
851.464702105522 1.516656e-17
851.7248083114622 1.0419776e-17
851.9849145174024 8.96018e-18
852.2450207233427 8.626917e-18
852.5051269292829 8.539293e-18
852.7652331352232 8.442882e-18
853.0253393411634 8.93053e-18
853.2854455471037 1.08785384e-17
853.5455517530439 1.30331256e-17
853.8056579589842 1.4353294e-17
854.0657641649244 1.6240785e-17
854.3258703708647 2.0416707e-17
854.5859765768049 2.280671e-17
854.8460827827452 2.1822196e-17
855.1061889886854 2.1143959e-17
855.3662951946256 1.9617556e-17
855.6264014005659 1.5626132e-17
855.8865076065061 1.1190581e-17
856.1466138124464 9.015857e-18
856.4067200183866 8.384259e-18
856.6668262243269 8.409562e-18
856.9269324302671 8.70762e-18
857.1870386362074 9.0403214e-18
857.4471448421476 9.269564e-18
857.7072510480879 9.422292e-18
857.9673572540281 9.682978e-18
858.2274634599684 1.04407324e-17
858.4875696659086 1.13821334e-17
858.7476758718489 1.2045489e-17
859.0077820777891 1.3314775e-17
859.2678882837293 1.507771e-17
859.5279944896696 1.5556936e-17
859.7881006956098 1.4726516e-17
860.0482069015501 1.4293906e-17
860.3083131074903 1.3755149e-17
860.5684193134306 1.2644632e-17
860.8285255193708 1.3047004e-17
861.0886317253111 1.5482333e-17
861.3487379312513 1.957389e-17
861.6088441371916 2.5365085e-17
861.8689503431318 3.2221388e-17
862.1290565490721 3.971236e-17
862.3891627550123 4.6602118e-17
862.6492689609526 5.2079377e-17
862.9093751668928 5.5219544e-17
863.169481372833 5.5206825e-17
863.4295875787733 5.218686e-17
863.6896937847135 4.6654575e-17
863.9497999906538 3.9874046e-17
864.209906196594 3.431883e-17
864.4700124025343 3.2305856e-17
864.7301186084745 3.3626682e-17
864.990224814415 3.7892426e-17
865.2503310203552 4.3829273e-17
865.5104372262955 5.008901e-17
865.7705434322357 5.385427e-17
866.030649638176 5.515458e-17
866.2907558441162 5.4740067e-17
866.5508620500565 5.2577482e-17
866.8109682559967 4.9699853e-17
867.071074461937 4.5854655e-17
867.3311806678772 4.1797297e-17
867.5912868738175 3.7399704e-17
867.8513930797577 3.3273168e-17
868.111499285698 2.909534e-17
868.3716054916382 2.5767616e-17
868.6317116975785 2.2558216e-17
868.8918179035187 2.0097165e-17
869.151924109459 1.7935306e-17
869.4120303153992 1.662548e-17
869.6721365213394 1.569633e-17
869.9322427272797 1.5071864e-17
870.1923489332199 1.481968e-17
870.4524551391602 1.46996e-17
870.7125613451004 1.4201813e-17
870.9726675510407 1.32741064e-17
871.2327737569809 1.2567356e-17
871.4928799629212 1.175806e-17
871.7529861688614 1.0960122e-17
872.0130923748017 1.0639189e-17
872.2731985807419 1.0616613e-17
872.5333047866822 1.0734788e-17
872.7934109926224 1.0761722e-17
873.0535171985626 1.0806893e-17
873.3136234045029 1.1001405e-17
873.5737296104431 1.1186479e-17
873.8338358163834 1.1373005e-17
874.0939420223236 1.1610601e-17
874.3540482282639 1.18940515e-17
874.6141544342041 1.2119495e-17
874.8742606401444 1.2479733e-17
875.1343668460846 1.5028608e-17
875.3944730520249 2.4000272e-17
875.6545792579651 4.1627216e-17
875.9146854639054 5.991362e-17
876.1747916698456 8.0135895e-17
876.4348978757859 1.00850515e-16
876.6950040817261 1.0723338e-16
876.9551102876663 1.01893345e-16
877.2152164936066 1.01201544e-16
877.4753226995468 1.0307848e-16
877.7354289054871 9.1933164e-17
877.9955351114273 8.138338e-17
878.2556413173676 7.4212004e-17
878.5157475233078 6.335538e-17
878.7758537292481 4.8497924e-17
879.0359599351883 3.7437556e-17
879.2960661411286 3.3085444e-17
879.5561723470688 3.0852335e-17
879.816278553009 2.7275131e-17
880.0763847589493 2.0879021e-17
880.3364909648895 1.59556e-17
880.5965971708298 1.4621433e-17
880.85670337677 1.4473953e-17
881.1168095827103 1.4586794e-17
881.3769157886505 1.4798987e-17
881.6370219945908 1.5965474e-17
881.897128200531 2.351597e-17
882.1572344064713 5.1989592e-17
882.4173406124115 9.215213e-17
882.6774468183518 1.1552161e-16
882.937553024292 1.3130244e-16
883.1976592302323 1.4244241e-16
883.4577654361725 1.3347715e-16
883.7178716421128 9.9934105e-17
883.977977848053 7.36414e-17
884.2380840539932 5.9722374e-17
884.4981902599335 4.763444e-17
884.7582964658737 3.660598e-17
885.018402671814 3.0871466e-17
885.2785088777542 2.866735e-17
885.5386150836945 2.7001417e-17
885.7987212896347 2.4899887e-17
886.058827495575 2.3928361e-17
886.3189337015152 2.980263e-17
886.5790399074555 3.8108098e-17
886.8391461133957 4.1436938e-17
887.099252319336 4.2374703e-17
887.3593585252762 4.002382e-17
887.6194647312165 3.3628968e-17
887.8795709371567 3.0311167e-17
888.139677143097 4.841134e-17
888.3997833490372 7.1672566e-17
888.6598895549774 8.331988e-17
888.9199957609177 8.8298605e-17
889.1801019668579 8.4677004e-17
889.4402081727982 6.81359e-17
889.7003143787384 4.7233386e-17
889.9604205846787 4.2598018e-17
890.2205267906189 4.651466e-17
890.4806329965592 4.860265e-17
890.7407392024994 4.938683e-17
891.0008454084397 4.7446494e-17
891.2609516143799 4.628182e-17
891.5210578203202 5.8368716e-17
891.7811640262604 8.363633e-17
892.0412702322006 9.637942e-17
892.3013764381409 1.01527037e-16
892.5614826440811 9.8389455e-17
892.8215888500214 7.980208e-17
893.0816950559616 4.6742683e-17
893.3418012619019 2.8283797e-17
893.6019074678421 2.2271855e-17
893.8620136737824 2.5720109e-17
894.1221198797226 3.5507085e-17
