# Sample bright sky spectra (moon phase = 77.49, moon alt = +60.09)
# Source: fxSKY.2002-08-18T03:01:06.360.fits (from http://www.eso.org/~fpatat/science/skybright/)
# Wavelength(nm) Flux(erg/s/cm2/A/arcsec2)
364.2991855144495 7.485059e-17
364.55929172038975 7.341048e-17
364.81939792633 7.4204785e-17
365.07950413227024 7.7008596e-17
365.3396103382105 8.2098774e-17
365.59971654415074 8.69385e-17
365.859822750091 8.83421e-17
366.11992895603123 8.757561e-17
366.3800351619715 8.6427675e-17
366.6401413679117 8.4953196e-17
366.90024757385197 8.4637365e-17
367.1603537797922 8.3650056e-17
367.42045998573246 8.1677865e-17
367.6805661916727 8.0567114e-17
367.94067239761296 7.8455275e-17
368.2007786035532 7.5672514e-17
368.46088480949345 7.57081e-17
368.7209910154337 7.8181194e-17
368.98109722137394 7.976537e-17
369.2412034273142 8.228466e-17
369.50130963325444 8.595558e-17
369.7614158391947 8.649466e-17
370.02152204513493 8.310989e-17
370.2816282510752 7.9476446e-17
370.5417344570154 7.6778004e-17
370.80184066295567 7.703319e-17
371.0619468688959 7.939458e-17
371.32205307483616 8.084008e-17
371.5821592807764 7.8668066e-17
371.84226548671666 7.555932e-17
372.1023716926569 7.2729386e-17
372.36247789859715 7.052265e-17
372.6225841045374 7.122188e-17
372.88269031047764 7.083581e-17
373.1427965164179 6.6383924e-17
373.40290272235814 6.3373225e-17
373.6630089282984 6.327999e-17
373.9231151342386 6.226726e-17
374.1832213401789 6.2664914e-17
374.4433275461191 6.2020414e-17
374.70343375205937 6.1533946e-17
374.9635399579996 6.3533447e-17
375.22364616393986 6.7030475e-17
375.4837523698801 6.968205e-17
375.74385857582035 7.2909506e-17
376.0039647817606 7.2182474e-17
376.26407098770085 6.928506e-17
376.5241771936411 6.9216396e-17
376.78428339958134 7.2022695e-17
377.0443896055216 7.510195e-17
377.30449581146183 7.89569e-17
377.5646020174021 8.319917e-17
377.8247082233423 8.7066953e-17
378.0848144292826 8.785854e-17
378.3449206352228 8.5217186e-17
378.60502684116307 8.210119e-17
378.8651330471033 7.790161e-17
379.12523925304356 7.200952e-17
379.3853454589838 6.7623544e-17
379.64545166492405 6.745227e-17
379.9055578708643 6.934268e-17
380.16566407680455 7.150971e-17
380.4257702827448 7.4671453e-17
380.68587648868504 7.843365e-17
380.9459826946253 7.755149e-17
381.20608890056553 7.3164813e-17
381.4661951065058 6.915244e-17
381.726301312446 6.384055e-17
381.9864075183863 5.8652624e-17
382.2465137243265 5.462136e-17
382.50661993026677 5.185398e-17
382.766726136207 4.9372498e-17
383.02683234214726 4.7241274e-17
383.2869385480875 4.6151996e-17
383.54704475402775 4.6115825e-17
383.807150959968 4.806921e-17
384.06725716590825 5.2776218e-17
384.3273633718485 5.785113e-17
384.58746957778874 6.209343e-17
384.847575783729 6.623154e-17
385.10768198966923 6.6152625e-17
385.3677881956095 6.3303576e-17
385.6278944015497 5.983464e-17
385.88800060748997 5.996175e-17
386.1481068134302 6.068778e-17
386.40821301937046 6.138262e-17
386.6683192253107 6.1851954e-17
386.92842543125096 6.235093e-17
387.1885316371912 6.220077e-17
387.44863784313145 6.054285e-17
387.7087440490717 5.982476e-17
387.96885025501194 6.0548847e-17
388.2289564609522 5.9757896e-17
388.48906266689244 5.819246e-17
388.7491688728327 5.982084e-17
389.00927507877293 6.305935e-17
389.2693812847132 6.607981e-17
389.5294874906534 7.0116825e-17
389.78959369659367 7.30379e-17
390.0496999025339 7.2673514e-17
390.30980610847416 7.229844e-17
390.5699123144144 7.3618446e-17
390.83001852035466 7.5491474e-17
391.0901247262949 7.766501e-17
391.35023093223515 7.967198e-17
391.6103371381754 7.841502e-17
391.87044334411564 7.47826e-17
392.1305495500559 7.026631e-17
392.39065575599614 6.367526e-17
392.6507619619364 5.5209548e-17
392.91086816787663 4.642235e-17
393.1709743738169 3.9083616e-17
393.4310805797571 3.5483755e-17
393.69118678569737 3.7494112e-17
393.9512929916376 4.329874e-17
394.21139919757786 5.2111555e-17
394.4715054035181 6.104679e-17
394.73161160945835 6.745837e-17
394.9917178153986 7.153829e-17
395.25182402133885 7.473514e-17
395.5119302272791 7.510411e-17
395.77203643321934 7.158777e-17
396.0321426391596 6.508387e-17
396.29224884509983 5.62736e-17
396.5523550510401 4.677377e-17
396.8124612569803 4.0644945e-17
397.0725674629206 4.1051078e-17
397.3326736688608 4.6955834e-17
397.59277987480107 5.7325105e-17
397.8528860807413 6.8342324e-17
398.11299228668156 7.643743e-17
398.3730984926218 8.161905e-17
398.63320469856205 8.508819e-17
398.8933109045023 8.696967e-17
399.15341711044255 8.8424985e-17
399.4135233163828 8.925744e-17
399.67362952232304 9.0491e-17
399.9337357282633 9.1049127e-17
400.19384193420353 9.003912e-17
400.4539481401438 9.069107e-17
400.714054346084 9.215131e-17
400.9741605520243 9.266715e-17
401.2342667579645 9.342708e-17
401.49437296390477 9.538841e-17
401.754479169845 9.623539e-17
402.01458537578526 9.6021514e-17
402.2746915817255 9.6103227e-17
402.53479778766575 9.5946936e-17
402.794903993606 9.357109e-17
403.05501019954625 9.109005e-17
403.3151164054865 9.08351e-17
403.57522261142674 9.1186214e-17
403.835328817367 9.167216e-17
404.09543502330723 9.1261375e-17
404.3555412292475 9.02419e-17
404.6156474351877 8.981167e-17
404.875753641128 8.8774605e-17
405.1358598470682 8.793895e-17
405.39596605300846 8.905259e-17
405.6560722589487 8.951553e-17
405.91617846488896 8.677926e-17
406.1762846708292 8.465491e-17
406.43639087676945 8.4964757e-17
406.6964970827097 8.5336856e-17
406.95660328864994 8.489355e-17
407.2167094945902 8.586132e-17
407.47681570053044 8.5947646e-17
407.7369219064707 8.653527e-17
407.997028112411 8.754345e-17
408.25713431835123 8.8706134e-17
408.5172405242915 9.1446934e-17
408.7773467302317 9.375971e-17
409.037452936172 9.359596e-17
409.2975591421122 9.2336954e-17
409.55766534805247 8.927548e-17
409.81777155399266 8.366897e-17
410.0778777599329 8.0398614e-17
410.33798396587315 7.991428e-17
410.5980901718134 8.074172e-17
410.85819637775364 8.396327e-17
411.1183025836939 8.9053696e-17
411.37840878963414 9.189438e-17
411.6385149955744 9.2448564e-17
411.89862120151463 9.314359e-17
412.1587274074549 9.324504e-17
412.4188336133951 9.1984847e-17
412.67893981933537 9.0762525e-17
412.9390460252756 8.911218e-17
413.19915223121586 8.858815e-17
413.4592584371561 8.9349535e-17
413.71936464309636 8.9922215e-17
413.9794708490366 8.960117e-17
414.23957705497685 9.0372764e-17
414.4996832609171 9.0105545e-17
414.75978946685734 8.872702e-17
415.0198956727976 8.752981e-17
415.28000187873783 8.8299916e-17
415.5401080846781 8.834062e-17
415.8002142906183 8.884127e-17
416.0603204965586 9.0379084e-17
416.3204267024988 9.143564e-17
416.58053290843907 9.2112226e-17
416.8406391143793 9.0819534e-17
417.10074532031956 8.808123e-17
417.3608515262598 8.606817e-17
417.62095773220005 8.4986144e-17
417.8810639381403 8.4276946e-17
418.14117014408055 8.462565e-17
418.4012763500208 8.4532406e-17
418.66138255596104 8.475382e-17
418.9214887619013 8.546187e-17
419.18159496784153 8.555628e-17
419.4417011737818 8.42984e-17
419.701807379722 8.3399393e-17
419.9619135856623 8.253532e-17
420.2220197916025 8.2319526e-17
420.48212599754277 8.376981e-17
420.742232203483 8.63701e-17
421.00233840942326 8.841872e-17
421.2624446153635 8.874901e-17
421.52255082130375 8.8533426e-17
421.782657027244 8.81585e-17
422.04276323318425 8.560595e-17
422.3028694391245 8.145095e-17
422.56297564506474 8.041865e-17
422.823081851005 8.014498e-17
423.08318805694523 7.9069414e-17
423.3432942628855 7.970182e-17
423.6034004688257 8.2492817e-17
423.863506674766 8.315918e-17
424.1236128807062 8.304887e-17
424.38371908664647 8.302293e-17
424.6438252925868 8.283582e-17
424.9039314985271 8.2591886e-17
425.1640377044673 8.17053e-17
425.42414391040757 8.083928e-17
425.6842501163478 7.9914065e-17
425.94435632228806 8.0876837e-17
426.2044625282283 8.203425e-17
426.46456873416855 8.178838e-17
426.7246749401088 7.9946775e-17
426.98478114604904 7.849304e-17
427.2448873519893 7.727757e-17
427.50499355792954 7.635255e-17
427.7650997638698 7.6321864e-17
428.02520596981003 7.821361e-17
428.2853121757503 7.9191585e-17
428.5454183816905 7.750677e-17
428.80552458763077 7.5759116e-17
429.065630793571 7.48883e-17
429.32573699951126 7.2750985e-17
429.5858432054515 6.935648e-17
429.84594941139176 6.623339e-17
430.106055617332 6.299757e-17
430.36616182327225 5.901647e-17
430.6262680292125 5.639204e-17
430.88637423515274 5.802537e-17
431.146480441093 6.28582e-17
431.40658664703324 6.9750536e-17
431.6666928529735 7.671025e-17
431.92679905891373 8.0864733e-17
432.186905264854 8.09941e-17
432.4470114707942 8.038129e-17
432.70711767673447 7.932448e-17
432.9672238826747 7.9176133e-17
433.22733008861496 8.071763e-17
433.4874362945552 8.0569575e-17
433.74754250049546 7.714969e-17
434.0076487064357 7.469269e-17
434.26775491237595 7.389459e-17
434.5278611183162 7.478483e-17
434.78796732425644 7.7276245e-17
435.0480735301967 8.0039095e-17
435.30817973613694 8.147261e-17
435.5682859420772 8.1744324e-17
435.82839214801743 8.241097e-17
436.0884983539577 8.471403e-17
436.3486045598979 8.635944e-17
436.60871076583817 8.64771e-17
436.8688169717784 8.5665286e-17
437.12892317771866 8.3790226e-17
437.3890293836589 8.2423234e-17
437.64913558959915 8.103077e-17
437.9092417955394 7.7791274e-17
438.16934800147965 7.5102964e-17
438.4294542074199 7.469028e-17
438.68956041336014 7.3785933e-17
438.9496666193004 7.3826174e-17
439.20977282524063 7.6764445e-17
439.4698790311809 7.9803083e-17
439.7299852371211 8.03972e-17
439.9900914430614 7.9996194e-17
440.2501976490016 7.911489e-17
440.51030385494187 7.924091e-17
440.7704100608821 8.017911e-17
441.03051626682236 8.1297475e-17
441.2906224727626 8.2610786e-17
441.55072867870285 8.5050366e-17
441.8108348846431 8.588079e-17
442.07094109058335 8.536715e-17
442.3310472965236 8.599929e-17
442.59115350246384 8.668975e-17
442.8512597084041 8.5769385e-17
443.11136591434433 8.4710045e-17
443.3714721202846 8.477894e-17
443.6315783262248 8.4816334e-17
443.8916845321651 8.4109465e-17
444.1517907381053 8.471525e-17
444.41189694404557 8.6010035e-17
444.6720031499858 8.617054e-17
444.93210935592606 8.528466e-17
445.1922155618663 8.398187e-17
445.45232176780655 8.2033765e-17
445.7124279737468 8.0113395e-17
445.97253417968705 7.9112666e-17
446.2326403856273 7.946167e-17
446.49274659156754 8.075536e-17
446.7528527975078 8.238926e-17
447.01295900344803 8.457945e-17
447.2730652093883 8.61712e-17
447.5331714153285 8.657633e-17
447.79327762126877 8.624124e-17
448.053383827209 8.658652e-17
448.31349003314926 8.631603e-17
448.5735962390895 8.530338e-17
448.83370244502976 8.53911e-17
449.09380865097 8.593649e-17
449.35391485691025 8.584296e-17
449.6140210628505 8.57525e-17
449.87412726879074 8.684397e-17
450.134233474731 8.8185275e-17
450.39433968067124 8.9662216e-17
450.6544458866115 9.0434075e-17
450.91455209255173 9.0611204e-17
451.174658298492 8.991639e-17
451.4347645044322 8.897388e-17
451.69487071037247 8.8233146e-17
451.9549769163127 8.735826e-17
452.21508312225296 8.5777974e-17
452.4751893281932 8.390252e-17
452.73529553413346 8.220505e-17
452.9954017400737 8.042087e-17
453.25550794601395 7.976117e-17
453.5156141519542 8.101024e-17
453.77572035789444 8.279792e-17
454.0358265638347 8.3917625e-17
454.29593276977494 8.4608215e-17
454.5560389757152 8.416352e-17
454.81614518165543 8.309261e-17
455.0762513875957 8.2271476e-17
455.3363575935359 8.2142674e-17
455.59646379947617 8.3170496e-17
455.8565700054164 8.43523e-17
456.11667621135666 8.4535715e-17
456.3767824172969 8.5360625e-17
456.63688862323716 8.548987e-17
456.8969948291774 8.4871636e-17
457.15710103511765 8.509138e-17
457.4172072410579 8.557668e-17
457.67731344699814 8.470292e-17
457.9374196529384 8.370494e-17
458.19752585887863 8.2895257e-17
458.4576320648189 8.2261014e-17
458.7177382707591 8.1741134e-17
458.9778444766994 8.18145e-17
459.2379506826396 8.199342e-17
459.49805688857987 8.190679e-17
459.7581630945201 8.115992e-17
460.01826930046036 8.092995e-17
460.2783755064006 8.144791e-17
460.53848171234085 8.236652e-17
460.7985879182811 8.2966745e-17
461.05869412422135 8.322917e-17
461.3188003301616 8.3611264e-17
461.57890653610184 8.359077e-17
461.8390127420421 8.3301356e-17
462.09911894798233 8.3407645e-17
462.3592251539226 8.352305e-17
462.6193313598628 8.3526495e-17
462.8794375658031 8.349382e-17
463.1395437717433 8.292477e-17
463.39964997768357 8.2227345e-17
463.6597561836238 8.156662e-17
463.91986238956406 8.1094915e-17
464.1799685955043 8.005283e-17
464.44007480144455 7.8965315e-17
464.7001810073848 7.881204e-17
464.96028721332505 7.880623e-17
465.2203934192653 7.8643985e-17
465.48049962520554 7.9603885e-17
465.7406058311458 8.0764936e-17
466.00071203708603 8.030724e-17
466.2608182430263 7.8950445e-17
466.5209244489665 7.7745435e-17
466.7810306549068 7.693147e-17
467.041136860847 7.6366155e-17
467.30124306678726 7.667661e-17
467.5613492727275 7.751527e-17
467.82145547866776 7.809694e-17
468.081561684608 7.811931e-17
468.34166789054825 7.80252e-17
468.6017740964885 7.766082e-17
468.86188030242874 7.789852e-17
469.121986508369 7.828552e-17
469.38209271430924 7.776399e-17
469.6421989202495 7.671574e-17
469.90230512618973 7.5731886e-17
470.16241133213 7.5113704e-17
470.4225175380702 7.406666e-17
470.68262374401047 7.3740366e-17
470.9427299499507 7.4354875e-17
471.20283615589096 7.538284e-17
471.4629423618312 7.6517575e-17
471.72304856777146 7.7803086e-17
471.9831547737117 7.861964e-17
472.24326097965195 7.889561e-17
472.5033671855922 7.8325295e-17
472.76347339153256 7.702225e-17
473.0235795974728 7.613629e-17
473.28368580341305 7.5351297e-17
473.5437920093533 7.524467e-17
473.80389821529354 7.587952e-17
474.0640044212338 7.6614666e-17
474.32411062717404 7.7068146e-17
474.5842168331143 7.752776e-17
474.84432303905453 7.7373376e-17
475.1044292449948 7.659554e-17
475.364535450935 7.6090134e-17
475.62464165687527 7.5660265e-17
475.8847478628155 7.4799256e-17
476.14485406875576 7.399536e-17
476.404960274696 7.390617e-17
476.66506648063626 7.396829e-17
476.9251726865765 7.4280455e-17
477.18527889251675 7.544514e-17
477.445385098457 7.668502e-17
477.70549130439724 7.716879e-17
477.9655975103375 7.7007815e-17
478.22570371627774 7.6380455e-17
478.485809922218 7.5546247e-17
478.7459161281582 7.481241e-17
479.0060223340985 7.495794e-17
479.2661285400387 7.5415387e-17
479.52623474597897 7.5715084e-17
479.7863409519192 7.6169583e-17
480.04644715785946 7.618792e-17
480.3065533637997 7.544026e-17
480.56665956973995 7.4906604e-17
480.8267657756802 7.5072795e-17
481.08687198162045 7.5192207e-17
481.3469781875607 7.573753e-17
481.60708439350094 7.6184095e-17
481.8671905994412 7.6255034e-17
482.12729680538143 7.582791e-17
482.3874030113217 7.5579704e-17
482.6475092172619 7.479222e-17
482.9076154232022 7.419887e-17
483.1677216291424 7.427786e-17
483.42782783508267 7.398475e-17
483.6879340410229 7.327796e-17
483.94804024696316 7.289057e-17
484.2081464529034 7.2725064e-17
484.46825265884365 7.215157e-17
484.7283588647839 7.183778e-17
484.98846507072415 7.139723e-17
485.2485712766644 6.966192e-17
485.50867748260464 6.652732e-17
485.7687836885449 6.261616e-17
486.02888989448513 6.0428184e-17
486.2889961004254 6.0016156e-17
486.5491023063656 6.0242935e-17
486.8092085123059 6.141239e-17
487.0693147182461 6.438011e-17
487.32942092418637 6.623408e-17
487.5895271301266 6.6960125e-17
487.84963333606686 6.79697e-17
488.1097395420071 6.884889e-17
488.36984574794735 6.860958e-17
488.6299519538876 6.7715844e-17
488.89005815982784 6.73091e-17
489.1501643657681 6.7880076e-17
489.41027057170834 6.901654e-17
489.6703767776486 7.005354e-17
489.93048298358883 7.129847e-17
490.1905891895291 7.184878e-17
490.4506953954693 7.092351e-17
490.71080160140957 6.992244e-17
490.9709078073498 6.969296e-17
491.23101401329006 6.9198866e-17
491.4911202192303 6.730798e-17
491.75122642517056 6.596994e-17
492.0113326311108 6.584595e-17
492.27143883705105 6.571726e-17
492.5315450429913 6.625978e-17
492.79165124893154 6.7706785e-17
493.0517574548718 6.8682156e-17
493.31186366081204 6.844442e-17
493.5719698667523 6.788296e-17
493.83207607269253 6.7721455e-17
494.0921822786328 6.794196e-17
494.352288484573 6.8486234e-17
494.61239469051327 6.96399e-17
494.8725008964535 7.037022e-17
495.13260710239376 6.963026e-17
495.392713308334 6.8283965e-17
495.65281951427426 6.796284e-17
495.9129257202145 6.7855426e-17
496.17303192615475 6.75492e-17
496.433138132095 6.812435e-17
496.69324433803524 6.928602e-17
496.9533505439755 6.943415e-17
497.21345674991574 6.919305e-17
497.473562955856 6.867101e-17
497.73366916179623 6.748155e-17
497.9937753677365 6.581666e-17
498.2538815736767 6.499557e-17
498.51398777961697 6.470654e-17
498.7740939855572 6.4609364e-17
499.03420019149746 6.554365e-17
499.2943063974377 6.6714274e-17
499.55441260337795 6.647006e-17
499.8145188093182 6.561057e-17
500.07462501525845 6.467439e-17
500.3347312211987 6.3710946e-17
500.59483742713894 6.324756e-17
500.8549436330792 6.2594365e-17
501.11504983901943 6.21302e-17
501.3751560449597 6.201021e-17
501.6352622508999 6.203653e-17
501.8953684568402 6.1778295e-17
502.1554746627804 6.222631e-17
502.41558086872067 6.2806434e-17
502.6756870746609 6.3719324e-17
502.93579328060116 6.4290264e-17
503.1958994865414 6.403605e-17
503.45600569248165 6.3387095e-17
503.7161118984219 6.242463e-17
503.97621810436215 6.206664e-17
504.2363243103024 6.1968825e-17
504.49643051624264 6.18786e-17
504.7565367221829 6.2358016e-17
505.01664292812313 6.372724e-17
505.2767491340634 6.4121857e-17
505.5368553400036 6.44225e-17
505.7969615459439 6.500125e-17
506.0570677518841 6.516436e-17
506.31717395782437 6.463749e-17
506.5772801637646 6.410999e-17
506.83738636970486 6.3331204e-17
507.0974925756451 6.263987e-17
507.35759878158535 6.221383e-17
507.6177049875256 6.152754e-17
507.87781119346585 6.0949116e-17
508.1379173994061 6.096047e-17
508.39802360534634 6.114888e-17
508.6581298112866 6.176194e-17
508.91823601722683 6.314193e-17
509.1783422231671 6.337622e-17
509.4384484291073 6.252068e-17
509.69855463504757 6.2235905e-17
509.9586608409878 6.1848175e-17
510.21876704692806 6.119591e-17
510.4788732528683 6.08177e-17
510.73897945880856 6.141894e-17
510.9990856647488 6.1822467e-17
511.25919187068905 6.2029487e-17
511.5192980766293 6.248715e-17
511.77940428256954 6.2627776e-17
512.0395104885098 6.20027e-17
512.29961669445 6.115278e-17
512.5597229003903 6.0348245e-17
512.8198291063305 5.968269e-17
513.0799353122708 5.9645956e-17
513.340041518211 5.947616e-17
513.6001477241513 5.924737e-17
513.8602539300915 5.8937783e-17
514.1203601360318 5.8676454e-17
514.380466341972 5.831368e-17
514.6405725479123 5.8396437e-17
514.9006787538525 5.875251e-17
515.1607849597927 5.9093445e-17
515.420891165733 5.951731e-17
515.6809973716732 5.9658105e-17
515.9411035776135 5.890454e-17
516.2012097835537 5.7021596e-17
516.461315989494 5.4643174e-17
516.7214221954342 5.1883203e-17
516.9815284013745 5.0198696e-17
517.2416346073147 5.0702085e-17
517.501740813255 5.2455152e-17
517.7618470191952 5.2831255e-17
518.0219532251355 5.3034377e-17
518.2820594310757 5.415266e-17
518.542165637016 5.391259e-17
518.8022718429562 5.3211295e-17
519.0623780488964 5.512903e-17
519.3224842548367 5.994856e-17
519.5825904607769 6.330463e-17
519.8426966667172 6.420288e-17
520.1028028726574 6.425134e-17
520.3629090785977 6.340773e-17
520.6230152845379 6.08258e-17
520.8831214904782 5.8196484e-17
521.1432276964184 5.699832e-17
521.4033339023587 5.746195e-17
521.6634401082989 5.8394465e-17
521.9235463142392 5.8477064e-17
522.1836525201794 5.743201e-17
522.4437587261197 5.694918e-17
522.7038649320599 5.6695455e-17
522.9639711380001 5.5896445e-17
523.2240773439404 5.5876825e-17
523.4841835498806 5.7324013e-17
523.7442897558209 5.821115e-17
524.0043959617611 5.8831726e-17
524.2645021677014 5.922763e-17
524.5246083736416 5.911621e-17
524.7847145795819 5.8433514e-17
525.0448207855221 5.8208964e-17
525.3049269914624 5.855806e-17
525.5650331974026 5.8428e-17
525.8251394033429 5.746451e-17
526.0852456092831 5.591742e-17
526.3453518152234 5.4123354e-17
526.6054580211636 5.2135712e-17
526.8655642271038 5.1329135e-17
527.1256704330441 5.1913243e-17
527.3857766389843 5.339224e-17
527.6458828449246 5.4661256e-17
527.9059890508648 5.5510724e-17
528.1660952568051 5.642219e-17
528.4262014627453 5.7147937e-17
528.6863076686856 5.751406e-17
528.9464138746258 5.792116e-17
529.2065200805661 5.8185956e-17
529.4666262865063 5.773658e-17
529.7267324924466 5.723064e-17
529.9868386983868 5.681323e-17
530.246944904327 5.680707e-17
530.5070511102673 5.744114e-17
530.7671573162075 5.824458e-17
531.0272635221478 5.8548274e-17
531.287369728088 5.8378656e-17
531.5474759340283 5.8081466e-17
531.8075821399685 5.7504637e-17
532.0676883459088 5.631703e-17
532.327794551849 5.5134655e-17
532.5879007577893 5.517232e-17
532.8480069637295 5.518977e-17
533.1081131696698 5.534032e-17
533.36821937561 5.5715736e-17
533.6283255815503 5.6151786e-17
533.8884317874905 5.590887e-17
534.1485379934308 5.5523334e-17
534.408644199371 5.5105618e-17
534.6687504053112 5.5209677e-17
534.9288566112515 5.592539e-17
535.1889628171917 5.64993e-17
535.449069023132 5.691326e-17
535.7091752290722 5.707915e-17
535.9692814350125 5.682087e-17
536.2293876409527 5.6174034e-17
536.489493846893 5.497177e-17
536.7496000528332 5.3824083e-17
537.0097062587735 5.3595838e-17
537.2698124647137 5.3981813e-17
537.529918670654 5.423277e-17
537.7900248765942 5.4743313e-17
538.0501310825344 5.5341758e-17
538.3102372884747 5.532063e-17
538.5703434944149 5.4783408e-17
538.8304497003552 5.4300612e-17
539.0905559062954 5.3944296e-17
539.3506621122357 5.33248e-17
539.6107683181759 5.283937e-17
539.8708745241162 5.2341815e-17
540.1309807300564 5.1743767e-17
540.3910869359967 5.1416644e-17
540.6511931419369 5.147208e-17
540.9112993478772 5.1444533e-17
541.1714055538174 5.1765975e-17
541.4315117597577 5.2667344e-17
541.6916179656979 5.30269e-17
541.9517241716381 5.3194007e-17
542.2118303775784 5.3229377e-17
542.4719365835186 5.2922228e-17
542.7320427894589 5.247833e-17
542.9921489953991 5.230797e-17
543.2522552013394 5.264285e-17
543.5123614072796 5.3091982e-17
543.7724676132199 5.3598412e-17
544.0325738191601 5.3616018e-17
544.2926800251004 5.3423275e-17
544.5527862310406 5.349669e-17
544.8128924369809 5.3229923e-17
545.0729986429211 5.26834e-17
545.3331048488614 5.2723093e-17
545.5932110548016 5.3224798e-17
545.8533172607418 5.2860286e-17
546.1134234666821 5.2617697e-17
546.3735296726223 5.2864656e-17
546.6336358785626 5.2938365e-17
546.893742084503 5.2500088e-17
547.1538482904432 5.2186236e-17
547.4139544963834 5.1832444e-17
547.6740607023237 5.1419056e-17
547.9341669082639 5.131401e-17
548.1942731142042 5.1348864e-17
548.4543793201444 5.177872e-17
548.7144855260847 5.2245366e-17
548.9745917320249 5.2434215e-17
549.2346979379652 5.241249e-17
549.4948041439054 5.231994e-17
549.7549103498457 5.2270866e-17
550.0150165557859 5.2009474e-17
550.2751227617262 5.1876897e-17
550.5352289676664 5.1816903e-17
550.7953351736066 5.1634903e-17
551.0554413795469 5.1535066e-17
551.3155475854871 5.169561e-17
551.5756537914274 5.195173e-17
551.8357599973676 5.1996103e-17
552.0958662033079 5.1951684e-17
552.3559724092481 5.15303e-17
552.6160786151884 5.1192507e-17
552.8761848211286 5.093153e-17
553.1362910270689 5.078575e-17
553.3963972330091 5.0792344e-17
553.6565034389494 5.145918e-17
553.9166096448896 5.2084198e-17
554.1767158508299 5.229143e-17
554.4368220567701 5.2619808e-17
554.6969282627103 5.2768545e-17
554.9570344686506 5.2443072e-17
555.2171406745908 5.203386e-17
555.4772468805311 5.1739466e-17
555.7373530864713 5.1550726e-17
555.9974592924116 5.1410003e-17
556.2575654983518 5.1229883e-17
556.5176717042921 5.1188597e-17
556.7777779102323 5.225502e-17
557.0378841161726 7.306728e-17
557.2979903221128 1.2483778e-16
557.558096528053 1.4554782e-16
557.8182027339933 1.4640026e-16
558.0783089399335 1.4539058e-16
558.3384151458738 1.2746852e-16
558.598521351814 7.5510115e-17
558.8586275577543 5.0043266e-17
559.1187337636945 4.8558288e-17
559.3788399696348 4.8636265e-17
559.638946175575 4.8754846e-17
559.8990523815153 4.886146e-17
560.1591585874555 4.9614406e-17
560.4192647933958 5.0134285e-17
560.679370999336 5.0397775e-17
560.9394772052763 5.0564843e-17
561.1995834112165 5.0092145e-17
561.4596896171568 4.936674e-17
561.719795823097 4.915511e-17
561.9799020290372 4.903437e-17
562.2400082349775 4.9084603e-17
562.5001144409177 4.9726538e-17
562.760220646858 4.97922e-17
563.0203268527982 4.9526248e-17
563.2804330587385 4.911581e-17
563.5405392646787 4.9094764e-17
563.800645470619 4.8876544e-17
564.0607516765592 4.8795434e-17
564.3208578824995 4.9022836e-17
564.5809640884397 4.910598e-17
564.84107029438 4.9098857e-17
565.1011765003202 4.876459e-17
565.3612827062605 4.8007442e-17
565.6213889122007 4.736528e-17
565.881495118141 4.7170762e-17
566.1416013240812 4.7079266e-17
566.4017075300214 4.740059e-17
566.6618137359617 4.7942445e-17
566.9219199419019 4.848295e-17
567.1820261478422 4.8645383e-17
567.4421323537824 4.8669573e-17
567.7022385597227 4.853412e-17
567.9623447656629 4.8040205e-17
568.2224509716032 4.756124e-17
568.4825571775434 4.728883e-17
568.7426633834837 4.7181962e-17
569.0027695894239 4.727295e-17
569.2628757953642 4.7555934e-17
569.5229820013044 4.7600585e-17
569.7830882072446 4.7561353e-17
570.0431944131849 4.7324717e-17
570.3033006191251 4.6644847e-17
570.5634068250654 4.5912746e-17
570.8235130310056 4.5603513e-17
571.0836192369459 4.5584067e-17
571.3437254428861 4.5646036e-17
571.6038316488264 4.6153005e-17
571.8639378547666 4.689118e-17
572.1240440607069 4.7363402e-17
572.3841502666471 4.758288e-17
572.6442564725874 4.7598858e-17
572.9043626785276 4.7527002e-17
573.1644688844679 4.729417e-17
573.4245750904081 4.717357e-17
573.6846812963483 4.6989196e-17
573.9447875022886 4.6946933e-17
574.2048937082288 4.6846285e-17
574.4649999141691 4.6542727e-17
574.7251061201093 4.628972e-17
574.9852123260496 4.590008e-17
575.2453185319898 4.56422e-17
575.5054247379301 4.5480266e-17
575.7655309438703 4.5315535e-17
576.0256371498106 4.5305992e-17
576.2857433557508 4.5693937e-17
576.545849561691 4.57851e-17
576.8059557676313 4.5670832e-17
577.0660619735715 4.581238e-17
577.3261681795118 4.5803538e-17
577.586274385452 4.5374728e-17
577.8463805913923 4.4947257e-17
578.1064867973325 4.458788e-17
578.3665930032728 4.4440262e-17
578.626699209213 4.4302427e-17
578.8868054151533 4.4304846e-17
579.1469116210935 4.4762426e-17
579.4070178270338 4.499952e-17
579.667124032974 4.519581e-17
579.9272302389143 4.5376098e-17
580.1873364448545 4.5249082e-17
580.4474426507948 4.5338464e-17
580.707548856735 4.5439523e-17
580.9676550626752 4.535151e-17
581.2277612686155 4.5270427e-17
581.4878674745557 4.5474188e-17
581.747973680496 4.556444e-17
582.0080798864362 4.5680593e-17
582.2681860923765 4.5832076e-17
582.5282922983167 4.590751e-17
582.788398504257 4.5984813e-17
583.0485047101972 4.5897235e-17
583.3086109161375 4.566769e-17
583.5687171220777 4.5778647e-17
583.828823328018 4.5645795e-17
584.0889295339582 4.5592832e-17
584.3490357398985 4.5496062e-17
584.6091419458387 4.5416838e-17
584.869248151779 4.510888e-17
585.1293543577192 4.4712113e-17
585.3894605636594 4.4257706e-17
585.6495667695997 4.4134586e-17
585.9096729755399 4.4375566e-17
586.1697791814802 4.5761832e-17
586.4298853874204 4.7099644e-17
586.6899915933607 4.7992073e-17
586.9500977993009 4.8454622e-17
587.2102040052412 4.841804e-17
587.4703102111814 4.7158543e-17
587.7304164171217 4.590356e-17
587.9905226230619 4.5441246e-17
588.2506288290022 4.823389e-17
588.5107350349424 5.680217e-17
588.7708412408826 6.1720346e-17
589.0309474468229 6.601712e-17
589.2910536527631 6.9476786e-17
589.5511598587034 6.7416265e-17
589.8112660646436 5.8924555e-17
590.0713722705839 5.343087e-17
590.3314784765241 4.957546e-17
590.5915846824644 4.5572126e-17
590.8516908884046 4.527515e-17
591.1117970943449 4.616677e-17
591.3719033002851 4.6189315e-17
591.6320095062254 4.5854952e-17
591.8921157121656 4.606672e-17
592.1522219181059 4.6183714e-17
592.4123281240461 4.5218298e-17
592.6724343299863 4.54492e-17
592.9325405359266 4.665428e-17
593.1926467418668 4.655269e-17
593.4527529478071 4.6057215e-17
593.7128591537473 4.5818643e-17
593.9729653596876 4.5376088e-17
594.2330715656278 4.427257e-17
594.4931777715681 4.3812548e-17
594.7532839775083 4.4418934e-17
595.0133901834486 4.5428766e-17
595.2734963893888 4.546764e-17
595.5336025953291 4.5167655e-17
595.7937088012693 4.5313602e-17
596.0538150072096 4.4718102e-17
596.3139212131498 4.3671242e-17
596.57402741909 4.3716614e-17
596.8341336250303 4.382062e-17
597.0942398309705 4.4042057e-17
597.3543460369108 4.441643e-17
597.614452242851 4.4449463e-17
597.8745584487913 4.386397e-17
598.1346646547315 4.3330285e-17
598.3947708606718 4.2911066e-17
598.654877066612 4.2181017e-17
598.9149832725523 4.1958022e-17
599.1750894784925 4.2008536e-17
599.4351956844328 4.2184858e-17
599.695301890373 4.236983e-17
599.9554080963132 4.2533177e-17
600.2155143022535 4.2454363e-17
600.4756205081937 4.202563e-17
600.735726714134 4.177637e-17
600.9958329200742 4.141486e-17
601.2559391260145 4.094321e-17
601.5160453319547 4.0586212e-17
601.776151537895 4.0302182e-17
602.0362577438352 4.0130264e-17
602.2963639497755 4.0170064e-17
602.5564701557157 4.0379076e-17
602.816576361656 4.0753435e-17
603.0766825675962 4.1125405e-17
603.3367887735365 4.1314184e-17
603.5968949794767 4.1297207e-17
603.857001185417 4.1104054e-17
604.1171073913572 4.0906626e-17
604.3772135972974 4.0686e-17
604.6373198032377 4.0547126e-17
604.8974260091779 4.043e-17
605.1575322151182 4.0321412e-17
605.4176384210584 4.0183845e-17
605.6777446269987 4.0117307e-17
605.9378508329389 3.9979376e-17
606.1979570388792 3.990387e-17
606.4580632448194 4.0007143e-17
606.7181694507597 4.0016318e-17
606.9782756566999 3.9870122e-17
607.2383818626402 3.9703124e-17
607.4984880685804 3.9541037e-17
607.7585942745206 3.9333487e-17
608.0187004804609 3.907735e-17
608.2788066864011 3.8822154e-17
608.5389128923414 3.870693e-17
608.7990190982816 3.8663785e-17
609.0591253042219 3.868202e-17
609.3192315101621 3.8771408e-17
609.5793377161024 3.881264e-17
609.8394439220426 3.85206e-17
610.0995501279829 3.8485375e-17
610.3596563339231 3.8412805e-17
610.6197625398634 3.829001e-17
610.8798687458036 3.8251402e-17
611.1399749517439 3.8514595e-17
611.4000811576841 3.844162e-17
611.6601873636243 3.8145993e-17
611.9202935695646 3.7889934e-17
612.1803997755048 3.767848e-17
612.4405059814451 3.7600514e-17
612.7006121873853 3.7467596e-17
612.9607183933256 3.7541364e-17
613.2208245992658 3.7550665e-17
613.4809308052061 3.766237e-17
613.7410370111463 3.786218e-17
614.0011432170866 3.8217524e-17
614.2612494230268 3.831905e-17
614.5213556289671 3.8448268e-17
614.7814618349073 3.8418827e-17
615.0415680408476 3.8792137e-17
615.3016742467878 3.9772938e-17
615.561780452728 4.0034337e-17
615.8218866586683 3.9465485e-17
616.0819928646085 3.9004216e-17
616.3420990705488 3.8368846e-17
616.602205276489 3.745401e-17
616.8623114824293 3.706463e-17
617.1224176883695 3.75964e-17
617.3825238943098 3.802131e-17
617.64263010025 3.8065588e-17
617.9027363061903 3.770201e-17
618.1628425121305 3.738211e-17
618.4229487180708 3.709936e-17
618.683054924011 3.687803e-17
618.9431611299512 3.6864568e-17
619.2032673358915 3.6797325e-17
619.4633735418317 3.6717538e-17
619.723479747772 3.7214452e-17
619.9835859537122 3.7863915e-17
620.2436921596525 3.783225e-17
620.5037983655927 3.7838087e-17
620.763904571533 3.7953356e-17
621.0240107774732 3.7486568e-17
621.2841169834135 3.684607e-17
621.5442231893537 3.6936443e-17
621.804329395294 3.7399995e-17
622.0644356012342 3.7216325e-17
622.3245418071745 3.7180065e-17
622.5846480131147 3.7068666e-17
622.844754219055 3.7616267e-17
623.1048604249952 3.951601e-17
623.3649666309354 4.090826e-17
623.6250728368757 4.1750995e-17
623.8851790428159 4.265164e-17
624.1452852487562 4.223111e-17
624.4053914546964 3.9750697e-17
624.6654976606367 3.7615347e-17
624.9256038665769 3.6562832e-17
625.1857100725172 3.7062353e-17
625.4458162784574 3.8772698e-17
625.7059224843977 3.9347106e-17
625.9660286903379 4.002068e-17
626.2261348962782 4.0918987e-17
626.4862411022184 4.0253672e-17
626.7463473081586 3.828635e-17
627.0064535140989 3.769127e-17
627.2665597200391 3.7079178e-17
627.5266659259794 3.5991462e-17
627.7867721319196 3.5310868e-17
628.0468783378599 3.5875164e-17
628.3069845438001 3.742395e-17
628.5670907497404 3.8087015e-17
628.8271969556806 3.8299515e-17
629.0873031616209 4.1500068e-17
629.3474093675611 9.2426693e-17
629.6075155735014 2.1617076e-16
629.8676217794416 2.655947e-16
630.1277279853819 2.693609e-16
630.3878341913221 2.6984132e-16
630.6479403972623 2.3422073e-16
630.9080466032026 1.09044375e-16
631.1681528091428 4.1942044e-17
631.4282590150831 3.6963366e-17
631.6883652210233 3.525884e-17
631.9484714269636 3.517281e-17
632.2085776329038 3.5570173e-17
632.4686838388441 3.762681e-17
632.7287900447843 3.89865e-17
632.9888962507246 3.8393314e-17
633.2490024566648 3.7704702e-17
633.5091086626051 3.723601e-17
633.7692148685453 3.5646637e-17
634.0293210744856 3.4040312e-17
634.2894272804258 3.421843e-17
634.549533486366 3.4902697e-17
634.8096396923063 3.520483e-17
635.0697458982465 3.6112356e-17
635.3298521041868 3.7110016e-17
635.589958310127 4.296541e-17
635.8500645160673 7.887509e-17
636.1101707220075 1.0822122e-16
636.3702769279478 1.1116157e-16
636.630383133888 1.1007967e-16
636.8904893398283 1.0598404e-16
637.1505955457685 7.516278e-17
637.4107017517088 4.023912e-17
637.670807957649 3.4394497e-17
637.9309141635893 3.4503106e-17
638.1910203695295 3.510075e-17
638.4511265754697 3.530466e-17
638.71123278141 3.4993515e-17
638.9713389873502 3.4588805e-17
639.2314451932905 3.4254055e-17
639.4915513992307 3.3376152e-17
639.751657605171 3.2726087e-17
640.0117638111112 3.257361e-17
640.2718700170515 3.2501485e-17
640.5319762229917 3.229866e-17
640.792082428932 3.2373083e-17
641.0521886348722 3.2542175e-17
641.3122948408125 3.2503788e-17
641.5724010467527 3.2700293e-17
641.832507252693 3.288025e-17
642.0926134586332 3.2972362e-17
642.3527196645734 3.2856077e-17
642.6128258705137 3.265697e-17
642.8729320764539 3.2437434e-17
643.1330382823942 3.2306942e-17
643.3931444883344 3.1961875e-17
643.6532506942747 3.1804433e-17
643.9133569002149 3.1831144e-17
644.1734631061552 3.199787e-17
644.4335693120954 3.1892766e-17
644.6936755180357 3.2069647e-17
644.9537817239759 3.2553604e-17
645.2138879299162 3.2823926e-17
645.4739941358564 3.2974023e-17
645.7341003417966 3.3248184e-17
645.9942065477369 3.456069e-17
646.2543127536771 3.553005e-17
646.5144189596174 3.6439956e-17
646.7745251655576 3.7186973e-17
647.0346313714979 3.7098336e-17
647.2947375774381 3.6219542e-17
647.5548437833784 3.4743564e-17
647.8149499893186 3.3388758e-17
648.0750561952589 3.2106165e-17
648.3351624011991 3.1789375e-17
648.5952686071394 3.140383e-17
648.8553748130796 3.0883605e-17
649.1154810190199 3.109168e-17
649.3755872249601 3.3491742e-17
649.6356934309003 3.53501e-17
649.8957996368406 3.60709e-17
650.1559058427808 3.717897e-17
650.4160120487211 3.743389e-17
650.6761182546613 3.5381082e-17
650.9362244606016 3.339421e-17
651.1963306665418 3.2590387e-17
651.4564368724821 3.1572988e-17
651.7165430784223 3.1756863e-17
651.9766492843626 3.2223224e-17
652.2367554903028 3.2069366e-17
652.4968616962431 3.2211253e-17
652.7569679021833 3.4108978e-17
653.0170741081236 3.529248e-17
653.2771803140638 3.4878693e-17
653.537286520004 3.485165e-17
653.7973927259443 3.527645e-17
654.0574989318845 3.4398696e-17
654.3176051378248 3.2578432e-17
654.577711343765 3.247928e-17
654.8378175497053 3.4476914e-17
655.0979237556455 3.5485744e-17
655.3580299615858 3.438389e-17
655.618136167526 3.3562817e-17
655.8782423734663 3.2746383e-17
656.1383485794065 3.0571116e-17
656.3984547853468 2.890452e-17
656.658560991287 2.911103e-17
656.9186671972273 2.9727432e-17
657.1787734031675 3.1726992e-17
657.4388796091077 3.378573e-17
657.698985815048 3.371023e-17
657.9590920209882 3.342431e-17
658.2191982269285 3.3489377e-17
658.4793044328687 3.2308977e-17
658.739410638809 3.0356622e-17
658.9995168447492 3.0081356e-17
659.2596230506895 3.0440756e-17
659.5197292566297 3.0556856e-17
659.77983546257 3.1108536e-17
660.0399416685102 3.2184817e-17
660.3000478744505 3.230955e-17
660.5601540803907 3.1780537e-17
660.820260286331 3.14769e-17
661.0803664922712 3.0933283e-17
661.3404726982114 2.985261e-17
661.6005789041517 2.9594236e-17
661.8606851100919 2.9660182e-17
662.1207913160322 2.979815e-17
662.3808975219724 3.0065256e-17
662.6410037279127 3.01574e-17
662.9011099338529 3.042219e-17
663.1612161397932 3.068967e-17
663.4213223457334 3.0602665e-17
663.6814285516737 3.023225e-17
663.9415347576139 2.9992973e-17
664.2016409635542 2.967132e-17
664.4617471694944 2.9319705e-17
664.7218533754346 2.9188653e-17
664.9819595813749 2.9264164e-17
665.2420657873151 2.938098e-17
665.5021719932554 2.9440142e-17
665.7622781991956 2.936916e-17
666.0223844051359 2.9404305e-17
666.2824906110761 2.958023e-17
666.5425968170164 2.957732e-17
666.8027030229566 2.9495507e-17
667.0628092288969 2.9445906e-17
667.3229154348371 2.9236768e-17
667.5830216407774 2.8939857e-17
667.8431278467176 2.87355e-17
668.1032340526579 2.868375e-17
668.3633402585981 2.873552e-17
668.6234464645383 2.8893925e-17
668.8835526704786 2.8982136e-17
669.1436588764188 2.8967713e-17
669.4037650823591 2.8957158e-17
669.6638712882993 2.892907e-17
669.9239774942396 2.8918032e-17
670.1840837001798 2.8893948e-17
670.4441899061201 2.890762e-17
670.7042961120603 2.8793787e-17
670.9644023180006 2.8690343e-17
671.2245085239408 2.8507086e-17
671.4846147298811 2.837411e-17
671.7447209358213 2.8222886e-17
672.0048271417616 2.8165864e-17
672.2649333477018 2.8157082e-17
672.5250395536422 2.823437e-17
672.7851457595824 2.8302124e-17
673.0452519655227 2.8411662e-17
673.3053581714629 2.8451208e-17
673.5654643774031 2.8519527e-17
673.8255705833434 2.8491598e-17
674.0856767892836 2.8435065e-17
674.3457829952239 2.8344942e-17
674.6058892011641 2.8259246e-17
674.8659954071044 2.8166665e-17
675.1261016130446 2.7985535e-17
675.3862078189849 2.7845523e-17
675.6463140249251 2.7749e-17
675.9064202308654 2.7716746e-17
676.1665264368056 2.7681684e-17
676.4266326427459 2.7651716e-17
676.6867388486861 2.7663019e-17
676.9468450546264 2.761496e-17
677.2069512605666 2.7660238e-17
677.4670574665068 2.7614834e-17
677.7271636724471 2.7663974e-17
677.9872698783873 2.7589048e-17
678.2473760843276 2.7418584e-17
678.5074822902678 2.7341166e-17
678.7675884962081 2.7295015e-17
679.0276947021483 2.7302036e-17
679.2878009080886 2.7299938e-17
679.5479071140288 2.7341868e-17
679.8080133199691 2.7333718e-17
680.0681195259093 2.7294639e-17
680.3282257318496 2.7222653e-17
680.5883319377898 2.7205548e-17
680.84843814373 2.7163715e-17
681.1085443496703 2.7173049e-17
681.3686505556105 2.7236214e-17
681.6287567615508 2.7179656e-17
681.888862967491 2.7329052e-17
682.1489691734313 2.866897e-17
682.4090753793715 3.2674306e-17
682.6691815853118 3.6430887e-17
682.929287791252 4.0049485e-17
683.1893939971923 4.2227266e-17
683.4495002031325 4.168821e-17
683.7096064090728 3.8790188e-17
683.969712615013 3.519687e-17
684.2298188209533 3.153278e-17
684.4899250268935 2.8767433e-17
684.7500312328337 2.8250216e-17
685.010137438774 2.7468706e-17
685.2702436447142 2.6777904e-17
685.5303498506545 2.7128548e-17
685.7904560565947 3.1597694e-17
686.050562262535 3.707903e-17
686.3106684684752 3.7443717e-17
686.5707746744155 3.6771944e-17
686.8308808803557 3.5694683e-17
687.090987086296 3.1077497e-17
687.3510932922362 2.4414679e-17
687.6111994981765 2.3258069e-17
687.8713057041167 2.3977518e-17
688.131411910057 2.4396518e-17
688.3915181159972 2.5914869e-17
688.6516243219374 2.7049658e-17
688.9117305278777 2.6670803e-17
689.1718367338179 2.60428e-17
689.4319429397582 2.6528586e-17
689.6920491456984 2.7125512e-17
689.9521553516387 2.6359268e-17
690.2122615575789 2.610318e-17
690.4723677635192 2.638339e-17
690.7324739694594 2.7763354e-17
690.9925801753997 2.776063e-17
691.2526863813399 2.7399208e-17
691.5127925872802 2.8011912e-17
691.7728987932204 3.11216e-17
692.0330049991607 3.2715063e-17
692.2931112051009 3.1581074e-17
692.5532174110411 3.1520286e-17
692.8133236169814 3.1407624e-17
693.0734298229216 2.8897088e-17
693.3335360288619 2.6737981e-17
693.5936422348021 2.7652254e-17
693.8537484407424 2.799738e-17
694.1138546466826 2.871402e-17
694.3739608526229 3.2381368e-17
694.6340670585631 3.448477e-17
694.8941732645034 3.3194507e-17
695.1542794704436 3.2557323e-17
695.4143856763839 3.2098403e-17
695.6744918823241 2.9007206e-17
695.9345980882644 2.5514987e-17
696.1947042942046 2.5046298e-17
696.4548105001448 2.615983e-17
696.7149167060851 2.7021413e-17
696.9750229120253 2.738618e-17
697.2351291179656 2.8894855e-17
697.4952353239058 3.1012427e-17
697.7553415298461 3.061269e-17
698.0154477357863 2.9426533e-17
698.2755539417266 2.9089305e-17
698.5356601476668 2.778196e-17
698.7957663536071 2.5189661e-17
699.0558725595473 2.4547589e-17
699.3159787654876 2.460421e-17
699.5760849714278 2.5039169e-17
699.836191177368 2.6079494e-17
700.0962973833083 2.6709571e-17
700.3564035892485 2.6768678e-17
700.6165097951888 2.7647586e-17
700.876616001129 2.8001576e-17
701.1367222070693 2.6850284e-17
701.3968284130095 2.6016313e-17
701.6569346189498 2.56756e-17
701.91704082489 2.4639077e-17
702.1771470308304 2.36944e-17
702.4372532367706 2.3740965e-17
702.6973594427109 2.4005107e-17
702.9574656486511 2.4098713e-17
703.2175718545914 2.4095786e-17
703.4776780605316 2.423891e-17
703.7377842664719 2.4537019e-17
703.9978904724121 2.4659918e-17
704.2579966783524 2.5297529e-17
704.5181028842926 2.6009545e-17
704.7782090902328 2.6216283e-17
705.0383152961731 2.5999853e-17
705.2984215021133 2.5853848e-17
705.5585277080536 2.5432232e-17
705.8186339139938 2.4780253e-17
706.0787401199341 2.4710077e-17
706.3388463258743 2.4783663e-17
706.5989525318146 2.4906762e-17
706.8590587377548 2.5081395e-17
707.1191649436951 2.5126235e-17
707.3792711496353 2.4983055e-17
707.6393773555756 2.5025559e-17
707.8994835615158 2.5015447e-17
708.159589767456 2.4988256e-17
708.4196959733963 2.5085534e-17
708.6798021793365 2.5031978e-17
708.9399083852768 2.4820024e-17
709.200014591217 2.4601966e-17
709.4601207971573 2.4489216e-17
709.7202270030975 2.42601e-17
709.9803332090378 2.4048329e-17
710.240439414978 2.4055999e-17
710.5005456209183 2.3959822e-17
710.7606518268585 2.383923e-17
711.0207580327988 2.3681678e-17
711.280864238739 2.350437e-17
711.5409704446793 2.3450752e-17
711.8010766506195 2.3397843e-17
712.0611828565598 2.3418373e-17
712.3212890625 2.3584577e-17
712.5813952684402 2.3595567e-17
712.8415014743805 2.366131e-17
713.1016076803207 2.3841944e-17
713.361713886261 2.3899243e-17
713.6218200922012 2.3916597e-17
713.8819262981415 2.41492e-17
714.1420325040817 2.4278269e-17
714.402138710022 2.425072e-17
714.6622449159622 2.421531e-17
714.9223511219025 2.4080068e-17
715.1824573278427 2.3980517e-17
715.442563533783 2.3772167e-17
715.7026697397232 2.380169e-17
715.9627759456635 2.3634509e-17
716.2228821516037 2.3221188e-17
716.482988357544 2.2904097e-17
716.7430945634842 2.2416284e-17
717.0032007694244 2.199119e-17
717.2633069753647 2.176553e-17
717.5234131813049 2.1787262e-17
717.7835193872452 2.1778345e-17
718.0436255931854 2.1588067e-17
718.3037317991257 2.1357777e-17
718.5638380050659 2.1268562e-17
718.8239442110062 2.0866369e-17
719.0840504169464 2.0578685e-17
719.3441566228867 2.0390843e-17
719.6042628288269 2.0215262e-17
719.8643690347672 1.995456e-17
720.1244752407074 1.9927585e-17
720.3845814466476 2.0128026e-17
720.6446876525879 2.0534282e-17
720.9047938585281 2.0964299e-17
721.1649000644684 2.1372296e-17
721.4250062704086 2.1734903e-17
721.6851124763489 2.2050686e-17
721.9452186822891 2.1986734e-17
722.2053248882294 2.1892579e-17
722.4654310941696 2.1836849e-17
722.7255373001099 2.158957e-17
722.9856435060501 2.13481e-17
723.2457497119904 2.3981263e-17
723.5058559179306 3.1935634e-17
723.7659621238708 3.9476632e-17
724.0260683298111 4.7307386e-17
724.2861745357513 5.1582904e-17
724.5462807416916 5.0461267e-17
724.8063869476318 4.4683913e-17
725.0664931535721 3.8016572e-17
725.3265993595123 3.0664022e-17
725.5867055654526 2.5175502e-17
725.8468117713928 2.4134796e-17
726.1069179773331 2.305651e-17
726.3670241832733 2.1958585e-17
726.6271303892136 2.2185209e-17
726.8872365951538 2.6136391e-17
727.147342801094 3.728281e-17
727.4074490070343 4.3137012e-17
727.6675552129745 4.444927e-17
727.9276614189148 4.8076157e-17
728.187767624855 4.834309e-17
728.4478738307953 3.7932607e-17
728.7079800367355 3.0623484e-17
728.9680862426758 2.988731e-17
729.228192448616 2.7244318e-17
729.4882986545563 2.4250527e-17
729.7484048604965 2.550331e-17
730.0085110664368 2.775489e-17
730.268617272377 2.7710192e-17
730.5287234783173 2.682239e-17
730.7888296842575 2.7727466e-17
731.0489358901978 3.3696873e-17
731.309042096138 3.816599e-17
731.5691483020782 3.8375708e-17
731.8292545080185 3.8198926e-17
732.0893607139587 3.7890222e-17
732.349466919899 3.5239065e-17
732.6095731258392 3.0442146e-17
732.8696793317795 2.9169082e-17
733.1297855377197 2.9461927e-17
733.38989174366 3.373943e-17
733.6499979496002 4.1791947e-17
733.9101041555405 4.2129394e-17
734.1702103614807 4.167264e-17
734.430316567421 4.151209e-17
734.6904227733612 3.841404e-17
734.9505289793015 2.7957973e-17
735.2106351852417 2.4329882e-17
735.470741391182 2.7165051e-17
735.7308475971222 2.7665608e-17
735.9909538030624 2.781456e-17
736.2510600090027 3.1381796e-17
736.5111662149429 3.7810912e-17
736.7712724208832 3.7091755e-17
737.0313786268234 3.6178087e-17
737.2914848327637 3.6032487e-17
737.5515910387039 3.3282366e-17
737.8116972446442 2.5823884e-17
738.0718034505844 2.1842978e-17
738.3319096565247 2.1491573e-17
738.5920158624649 2.3057769e-17
738.8521220684052 2.5080955e-17
739.1122282743454 2.5537444e-17
739.3723344802856 2.6351915e-17
739.6324406862259 3.0288363e-17
739.8925468921661 3.2716942e-17
740.1526530981064 3.0620896e-17
740.4127593040466 2.972209e-17
740.6728655099869 2.9062908e-17
740.9329717159271 2.5587487e-17
741.1930779218674 2.0966746e-17
741.4531841278076 2.0162213e-17
741.7132903337479 2.0050871e-17
741.9733965396881 1.9990778e-17
742.2335027456284 2.0176636e-17
742.4936089515686 2.1573112e-17
742.7537151575089 2.2197393e-17
743.0138213634491 2.2650804e-17
743.2739275693893 2.4939648e-17
743.5340337753296 2.6574363e-17
743.7941399812698 2.5610165e-17
744.0542461872101 2.4560266e-17
744.3143523931503 2.408764e-17
744.5744585990906 2.2221873e-17
744.8345648050308 2.0075932e-17
745.0946710109711 1.9656913e-17
745.3547772169113 2.0036429e-17
745.6148834228516 2.0773405e-17
745.8749896287918 2.182345e-17
746.135095834732 2.316482e-17
746.3952020406723 2.4479346e-17
746.6553082466125 2.6399985e-17
746.9154144525528 2.8467778e-17
747.175520658493 2.9049594e-17
747.4356268644333 2.9814564e-17
747.6957330703735 3.1258418e-17
747.9558392763138 3.1856585e-17
748.215945482254 2.9747956e-17
748.4760516881943 2.8305806e-17
748.7361578941345 2.6897346e-17
748.9962641000748 2.4826814e-17
749.256370306015 2.2184597e-17
749.5164765119553 2.1464235e-17
749.7765827178955 2.1425475e-17
750.0366889238358 2.1109576e-17
750.296795129776 2.0280156e-17
750.5569013357162 1.9840097e-17
750.8170075416565 1.9612186e-17
751.0771137475967 1.9681174e-17
751.337219953537 2.0124161e-17
751.5973261594772 2.2343483e-17
751.8574323654175 2.913504e-17
752.1175385713577 3.4353085e-17
752.377644777298 3.6041566e-17
752.6377509832382 3.7555495e-17
752.8978571891785 3.6737837e-17
753.1579633951187 3.099909e-17
753.418069601059 2.5227162e-17
753.6781758069992 2.3829315e-17
753.9382820129395 2.1870692e-17
754.1983882188797 2.0861027e-17
754.45849442482 2.0721427e-17
754.7186006307602 2.0342687e-17
754.9787068367004 2.0279262e-17
755.2388130426407 2.1552178e-17
755.4989192485809 2.2478372e-17
755.7590254545212 2.2717647e-17
756.0191316604614 2.2860943e-17
756.2792378664017 2.3336272e-17
756.5393440723419 2.5776586e-17
756.7994502782822 2.9309276e-17
757.0595564842224 3.0416407e-17
757.3196626901627 3.0573416e-17
757.5797688961029 2.9900088e-17
757.8398751020432 2.7414157e-17
758.0999813079834 2.418055e-17
758.3600875139236 2.3138169e-17
758.6201937198639 2.2925473e-17
758.8802999258041 2.2467028e-17
759.1404061317444 2.197722e-17
759.4005123376846 2.1063572e-17
759.6606185436249 1.8670297e-17
759.9207247495651 1.6608859e-17
760.1808309555054 1.4982582e-17
760.4409371614456 1.3424295e-17
760.7010433673859 1.11333e-17
760.9611495733261 1.06985894e-17
761.2212557792664 1.296933e-17
761.4813619852066 1.5560945e-17
761.7414681911469 1.6666437e-17
762.0015743970871 1.7445247e-17
762.2616806030273 1.8961532e-17
762.5217868089676 1.9221631e-17
762.7818930149078 1.7469606e-17
763.0419992208481 1.6481916e-17
763.3021054267883 1.6002762e-17
763.5622116327286 1.4512695e-17
763.8223178386688 1.2683325e-17
764.0824240446091 1.2257432e-17
764.3425302505493 1.25618295e-17
764.6026364564896 1.3394175e-17
764.8627426624298 1.4675989e-17
765.12284886837 1.5648007e-17
765.3829550743103 1.6617954e-17
765.6430612802505 1.8556617e-17
765.9031674861908 2.027214e-17
766.163273692131 2.012011e-17
766.4233798980713 2.0125035e-17
766.6834861040115 2.0320736e-17
766.9435923099518 1.9655077e-17
767.203698515892 1.825767e-17
767.4638047218323 1.8384759e-17
767.7239109277725 1.8924465e-17
767.9840171337128 1.960062e-17
768.244123339653 2.0431834e-17
768.5042295455933 2.1147084e-17
768.7643357515335 2.1907035e-17
769.0244419574738 2.2063293e-17
769.284548163414 2.2380283e-17
769.5446543693542 2.261971e-17
769.8047605752945 2.2241945e-17
770.0648667812347 2.159096e-17
770.324972987175 2.185314e-17
770.5850791931152 2.6705784e-17
770.8451853990555 3.5388233e-17
771.1052916049957 4.5832893e-17
771.365397810936 5.3130797e-17
771.6255040168762 5.481618e-17
771.8856102228165 5.2658596e-17
772.1457164287567 4.5673125e-17
772.405822634697 3.6091048e-17
772.6659288406372 2.7683275e-17
772.9260350465775 2.5662829e-17
773.1861412525177 2.4663892e-17
773.446247458458 2.2713485e-17
773.7063536643982 2.1999158e-17
773.9664598703384 2.2231594e-17
774.2265660762787 2.4996771e-17
774.4866722822189 3.601753e-17
774.7467784881592 4.5291556e-17
775.0068846940994 4.678093e-17
775.2669909000397 4.883984e-17
775.5270971059799 5.154348e-17
775.7872033119202 4.312858e-17
776.0473095178604 3.2781753e-17
776.3074157238007 3.0947295e-17
776.5675219297409 3.519345e-17
776.8276281356812 4.2134814e-17
777.0877343416214 4.7151892e-17
777.3478405475616 5.0241945e-17
777.6079467535019 5.226995e-17
777.8680529594421 4.8641148e-17
778.1281591653824 3.8394816e-17
778.3882653713226 3.0179575e-17
778.6483715772629 3.0575636e-17
778.9084777832031 3.630293e-17
779.1685839891434 3.9648408e-17
779.4286901950836 3.967281e-17
779.6887964010239 3.9160788e-17
779.9489026069641 3.6774246e-17
780.2090088129044 3.1112566e-17
780.4691150188446 2.8482674e-17
780.7292212247849 2.8564313e-17
780.9893274307251 2.890045e-17
781.2494336366653 3.033515e-17
781.5095398426056 3.64305e-17
781.7696460485458 4.252341e-17
782.0297522544861 4.3641007e-17
782.2898584604263 4.361849e-17
782.5499646663666 4.2639824e-17
782.8100708723068 3.587612e-17
783.0701770782471 2.5509378e-17
783.3302832841873 2.2675385e-17
783.5903894901276 2.5462717e-17
783.8504956960678 2.7434249e-17
784.110601902008 2.799675e-17
784.3707081079483 3.0338874e-17
784.6308143138885 3.8161604e-17
784.8909205198288 4.7325696e-17
785.151026725769 5.1157097e-17
785.4111329317093 5.586126e-17
785.6712391376495 5.952371e-17
785.9313453435898 5.4708584e-17
786.19145154953 4.5160117e-17
786.4515577554703 4.3697517e-17
786.7116639614105 4.4472198e-17
786.9717701673508 3.9854766e-17
787.231876373291 3.9466908e-17
787.4919825792313 4.088036e-17
787.7520887851715 3.811741e-17
788.0121949911118 3.2948513e-17
788.272301197052 3.4361066e-17
788.5324074029922 3.8670244e-17
788.7925136089325 3.740728e-17
789.0526198148727 3.435416e-17
789.312726020813 3.2813424e-17
789.5728322267532 2.9884934e-17
789.8329384326935 2.423055e-17
790.0930446386337 2.1075035e-17
790.353150844574 2.170935e-17
790.6132570505142 3.0214072e-17
790.8733632564545 4.6343227e-17
791.1334694623947 5.576782e-17
791.393575668335 6.1075926e-17
791.6536818742752 6.7184794e-17
791.9137880802155 6.389258e-17
792.1738942861557 4.9159208e-17
792.434000492096 3.98623e-17
792.6941066980362 3.9311845e-17
792.9542129039764 3.38523e-17
793.2143191099167 2.9951032e-17
793.4744253158569 2.909425e-17
793.7345315217972 2.702259e-17
793.9946377277374 2.313416e-17
794.2547439336777 2.3637829e-17
794.5148501396179 2.6896666e-17
794.7749563455582 2.8043984e-17
795.0350625514984 2.799517e-17
795.2951687574387 2.7386325e-17
795.5552749633789 2.6767497e-17
795.8153811693192 3.2442063e-17
796.0754873752594 4.160884e-17
796.3355935811996 4.5594837e-17
796.5956997871399 4.6352244e-17
796.8558059930801 4.5842393e-17
797.1159121990204 4.0688816e-17
797.3760184049606 3.409659e-17
797.6361246109009 3.2585824e-17
797.8962308168411 3.228626e-17
798.1563370227814 3.2045493e-17
798.4164432287216 3.2783037e-17
798.6765494346619 3.7469608e-17
798.9366556406021 4.5433487e-17
799.1967618465424 4.7967092e-17
799.4568680524826 4.8147874e-17
799.7169742584229 4.668018e-17
799.9770804643631 3.951389e-17
800.2371866703033 2.5453522e-17
800.4972928762436 2.0668734e-17
800.7573990821838 2.275599e-17
801.0175052881241 2.5976193e-17
801.2776114940643 2.7336921e-17
801.5377177000046 2.8290874e-17
801.7978239059448 3.202263e-17
802.0579301118851 3.9157016e-17
802.3180363178253 4.202236e-17
802.5781425237656 4.183489e-17
802.8382487297058 4.126853e-17
803.0983549356461 3.8309613e-17
803.3584611415863 2.9806024e-17
803.6185673475266 2.1851098e-17
803.8786735534668 1.9563442e-17
804.138779759407 1.9114691e-17
804.3988859653473 1.9900907e-17
804.6589921712875 2.2209932e-17
804.9190983772278 2.3771566e-17
805.179204583168 2.4240984e-17
805.4393107891083 2.6071797e-17
805.6994169950488 3.0545312e-17
805.959523200989 3.118971e-17
806.2196294069292 2.982582e-17
806.4797356128695 2.923456e-17
806.7398418188097 2.797285e-17
806.99994802475 2.3486028e-17
807.2600542306902 2.0005563e-17
807.5201604366305 1.900496e-17
807.7802666425707 1.900568e-17
808.040372848511 1.9130835e-17
808.3004790544512 1.9066033e-17
808.5605852603915 1.9203769e-17
808.8206914663317 2.012455e-17
809.080797672272 2.0840016e-17
809.3409038782122 2.1090029e-17
809.6010100841524 2.2506661e-17
809.8611162900927 2.4139661e-17
810.1212224960329 2.393076e-17
810.3813287019732 2.3054673e-17
810.6414349079134 2.2624584e-17
810.9015411138537 2.1311273e-17
811.1616473197939 1.909678e-17
811.4217535257342 1.805409e-17
811.6818597316744 1.7834244e-17
811.9419659376147 1.7796204e-17
812.2020721435549 1.7835195e-17
812.4621783494952 1.7844498e-17
812.7222845554354 1.7797286e-17
812.9823907613757 1.7791674e-17
813.2424969673159 1.8172875e-17
813.5026031732561 1.8536403e-17
813.7627093791964 1.867804e-17
814.0228155851366 1.9145021e-17
814.2829217910769 1.9594795e-17
814.5430279970171 1.9381551e-17
814.8031342029574 1.8710792e-17
815.0632404088976 1.8265733e-17
815.3233466148379 1.7741912e-17
815.5834528207781 1.691013e-17
815.8435590267184 1.6423772e-17
816.1036652326586 1.6340472e-17
816.3637714385989 1.622584e-17
816.6238776445391 1.6132801e-17
816.8839838504794 1.615965e-17
817.1440900564196 1.6282518e-17
817.4041962623598 1.6214361e-17
817.6643024683001 1.6255083e-17
817.9244086742403 1.6358114e-17
818.1845148801806 1.6568831e-17
818.4446210861208 1.672322e-17
818.7047272920611 1.6913261e-17
818.9648334980013 1.7162995e-17
819.2249397039416 1.7235959e-17
819.4850459098818 1.7035694e-17
819.7451521158221 1.682038e-17
820.0052583217623 1.6975065e-17
820.2653645277026 1.7005088e-17
820.5254707336428 1.697918e-17
820.785576939583 1.7151641e-17
821.0456831455233 1.7294181e-17
821.3057893514635 1.7269237e-17
821.5658955574038 1.7175479e-17
821.826001763344 1.7087704e-17
822.0861079692843 1.6918239e-17
822.3462141752245 1.6521647e-17
822.6063203811648 1.6188959e-17
822.866426587105 1.6012974e-17
823.1265327930453 1.5903962e-17
823.3866389989855 1.6103972e-17
823.6467452049258 1.6540024e-17
823.906851410866 1.7071698e-17
824.1669576168063 1.7423805e-17
824.4270638227465 1.7653682e-17
824.6871700286868 1.7507226e-17
824.947276234627 1.740149e-17
825.2073824405672 1.7350633e-17
825.4674886465075 1.7197851e-17
825.7275948524477 1.7147019e-17
825.987701058388 1.7159223e-17
826.2478072643282 1.724989e-17
826.5079134702685 1.7338898e-17
826.7680196762087 1.7440106e-17
827.028125882149 1.8601573e-17
827.2882320880892 2.272358e-17
827.5483382940295 2.994837e-17
827.8084444999697 3.7031324e-17
828.06855070591 4.4351654e-17
828.3286569118502 5.3072024e-17
828.5887631177904 5.700454e-17
828.8488693237307 5.403632e-17
829.1089755296709 5.3538038e-17
829.3690817356112 5.8616844e-17
829.6291879415514 5.692778e-17
829.8892941474917 5.0385907e-17
830.1494003534319 4.800971e-17
830.4095065593722 4.469071e-17
830.6696127653124 3.6256964e-17
830.9297189712527 2.8828548e-17
831.1898251771929 2.6675106e-17
831.4499313831332 2.5975662e-17
831.7100375890734 2.3874456e-17
831.9701437950137 2.0253401e-17
832.2302500009539 1.8415838e-17
832.4903562068941 1.7852052e-17
832.7504624128344 1.7632375e-17
833.0105686187746 1.7768056e-17
833.2706748247149 1.8475868e-17
833.5307810306551 2.3706684e-17
833.7908872365954 4.187086e-17
834.0509934425356 6.514173e-17
834.3110996484759 7.804983e-17
834.5712058544161 8.4957775e-17
834.8313120603564 8.991626e-17
835.0914182662966 8.1028786e-17
835.3515244722369 5.688694e-17
835.6116306781771 4.2841282e-17
835.8717368841174 3.904514e-17
836.1318430900576 3.2912474e-17
836.3919492959978 2.7743337e-17
836.6520555019381 2.6506227e-17
836.9121617078783 2.562357e-17
837.1722679138186 2.3413094e-17
837.4323741197588 2.2569515e-17
837.6924803256991 2.7500235e-17
837.9525865316393 3.1404273e-17
838.2126927375796 3.283087e-17
838.4727989435198 3.2842114e-17
838.7329051494601 3.1438094e-17
838.9930113554003 2.9253825e-17
839.2531175613406 3.6997377e-17
839.5132237672808 5.1257282e-17
839.773329973221 5.979113e-17
840.0334361791613 6.1552534e-17
840.2935423851015 5.946362e-17
840.5536485910418 5.061877e-17
840.813754796982 3.7132174e-17
841.0738610029223 3.2416934e-17
841.3339672088625 3.4380253e-17
841.5940734148028 3.5091116e-17
841.854179620743 3.5167478e-17
842.1142858266833 3.606184e-17
842.3743920326235 4.2742394e-17
842.6344982385638 6.0646785e-17
842.894604444504 6.7652475e-17
843.1547106504443 6.9235454e-17
843.4148168563845 6.728132e-17
843.6749230623248 5.600758e-17
843.935029268265 3.6375132e-17
844.1951354742052 2.953329e-17
844.4552416801455 3.110139e-17
844.7153478860857 3.7146464e-17
844.975454092026 4.1112365e-17
845.2355602979662 4.09497e-17
845.4956665039065 3.832828e-17
845.7557727098467 3.937213e-17
846.015878915787 4.6684188e-17
846.2759851217272 5.3057628e-17
846.5360913276675 5.4785902e-17
846.7961975336077 5.4762477e-17
847.056303739548 5.0988488e-17
847.3164099454882 3.9475186e-17
847.5765161514285 2.4782543e-17
847.8366223573687 1.9810708e-17
848.096728563309 1.8602008e-17
848.3568347692492 1.814696e-17
848.6169409751894 1.949044e-17
848.8770471811297 2.4137946e-17
849.1371533870699 2.7013916e-17
849.3972595930102 2.7951773e-17
849.6573657989504 3.0317976e-17
849.9174720048907 3.6607288e-17
850.1775782108309 3.9480206e-17
850.4376844167712 3.9136443e-17
850.6977906227114 3.8433098e-17
850.9578968286517 3.649047e-17
851.2180030345919 3.0302385e-17
851.4781092405321 2.2660054e-17
851.7382154464724 1.8779764e-17
851.9983216524126 1.7984763e-17
852.2584278583529 1.7843063e-17
852.5185340642931 1.7770012e-17
852.7786402702334 1.776983e-17
853.0387464761736 1.795996e-17
853.2988526821139 1.9194944e-17
853.5589588880541 2.0920458e-17
853.8190650939944 2.1507247e-17
854.0791712999346 2.2422008e-17
854.3392775058749 2.5418421e-17
854.5993837118151 2.7645589e-17
854.8594899177554 2.6916608e-17
855.1195961236956 2.6518778e-17
855.3797023296358 2.5655922e-17
855.6398085355761 2.280959e-17
855.8999147415163 1.9213372e-17
856.1600209474566 1.7602389e-17
856.4201271533968 1.7307527e-17
856.6802333593371 1.726775e-17
856.9403395652773 1.7301427e-17
857.2004457712176 1.7397421e-17
857.4605519771578 1.7425413e-17
857.7206581830981 1.7444404e-17
857.9807643890383 1.7563248e-17
858.2408705949786 1.8164615e-17
858.5009768009188 1.9089936e-17
858.761083006859 1.9627507e-17
859.0211892127993 2.04863e-17
859.2812954187395 2.170914e-17
859.5414016246798 2.2276672e-17
859.80150783062 2.1599545e-17
860.0616140365603 2.1086817e-17
860.3217202425005 2.0444158e-17
860.5818264484408 1.9212563e-17
860.841932654381 1.8441236e-17
861.1020388603213 1.8755634e-17
861.3621450662615 1.9661976e-17
861.6222512722018 2.1130881e-17
861.882357478142 2.291846e-17
862.1424636840823 2.506601e-17
862.4025698900225 2.7327903e-17
862.6626760959628 2.932916e-17
862.922782301903 3.066059e-17
863.1828885078432 3.099212e-17
863.4429947137835 3.0356986e-17
863.7031009197237 2.9099814e-17
863.963207125664 2.737591e-17
864.2233133316042 2.583638e-17
864.4834195375445 2.5471543e-17
864.7435257434847 2.6245357e-17
865.003631949425 2.7485068e-17
865.2637381553652 2.9182657e-17
865.5238443613055 3.0718447e-17
865.7839505672457 3.124718e-17
866.044056773186 3.0690307e-17
866.3041629791262 3.0216944e-17
866.5642691850665 2.9294095e-17
866.8243753910067 2.8351318e-17
867.084481596947 2.7234252e-17
867.3445878028872 2.6274884e-17
867.6046940088274 2.5005718e-17
867.8648002147677 2.3863734e-17
868.1249064207079 2.2734465e-17
868.3850126266482 2.1812953e-17
868.6451188325884 2.0966097e-17
868.9052250385287 2.0446411e-17
869.1653312444689 1.9978134e-17
869.4254374504092 1.978077e-17
869.6855436563494 1.9744763e-17
869.9456498622897 1.9851385e-17
870.2057560682299 2.0123261e-17
870.4658622741701 2.039352e-17
870.7259684801104 2.0354508e-17
870.9860746860506 2.0018846e-17
871.2461808919909 1.9562573e-17
871.5062870979311 1.9123235e-17
871.7663933038714 1.8592213e-17
872.0264995098116 1.8391545e-17
872.2866057157519 1.8372158e-17
872.5467119216921 1.8504689e-17
872.8068181276324 1.8635729e-17
873.0669243335726 1.8623687e-17
873.3270305395129 1.872051e-17
873.5871367454531 1.8735307e-17
873.8472429513934 1.8871112e-17
874.1073491573336 1.9086824e-17
874.3674553632738 1.9264448e-17
874.6275615692141 1.946264e-17
874.8876677751543 1.981696e-17
875.1477739810946 2.1430445e-17
875.4078801870348 2.7616771e-17
875.6679863929751 4.0417262e-17
875.9280925989153 5.421241e-17
876.1881988048556 6.8557834e-17
876.4483050107958 8.504221e-17
876.7084112167361 9.086428e-17
876.9685174226763 8.6280576e-17
877.2286236286166 8.4840084e-17
877.4887298345568 8.955258e-17
877.748836040497 8.204332e-17
878.0089422464373 7.300302e-17
878.2690484523775 6.798269e-17
878.5291546583178 6.008561e-17
878.789260864258 4.7886624e-17
879.0493670701983 3.8549952e-17
879.3094732761385 3.532811e-17
879.5695794820788 3.4166252e-17
879.829685688019 3.168959e-17
880.0897918939593 2.6469942e-17
880.3498980998995 2.2207854e-17
880.6100043058398 2.1068042e-17
880.87011051178 2.1024822e-17
881.1302167177203 2.116454e-17
881.3903229236605 2.1365275e-17
881.6504291296008 2.2472156e-17
881.910535335541 2.8333212e-17
882.1706415414812 4.9827368e-17
882.4307477474215 8.523961e-17
882.6908539533617 1.0559319e-16
882.950960159302 1.1640721e-16
883.2110663652422 1.2554884e-16
883.4711725711825 1.1965876e-16
883.7312787771227 9.0347955e-17
883.991384983063 6.707396e-17
884.2514911890032 5.6502617e-17
884.5115973949435 4.790193e-17
884.7717036008837 3.8776847e-17
885.031809806824 3.4133436e-17
885.2919160127642 3.2565015e-17
885.5520222187045 3.133734e-17
885.8121284246447 2.9345877e-17
886.072234630585 2.8039838e-17
886.3323408365252 3.2346567e-17
886.5924470424654 3.9442016e-17
886.8525532484057 4.2442703e-17
887.1126594543459 4.2852985e-17
887.3727656602862 4.1492313e-17
887.6328718662264 3.6627395e-17
887.8929780721667 3.3197693e-17
888.1530842781069 4.711508e-17
888.4131904840472 6.875793e-17
888.6732966899874 7.926715e-17
888.9334028959277 8.260199e-17
889.1935091018679 8.0120026e-17
889.4536153078081 6.66583e-17
889.7137215137484 4.6896383e-17
889.9738277196886 4.191026e-17
890.2339339256289 4.5496313e-17
890.4940401315691 4.7495718e-17
890.7541463375094 4.788733e-17
891.0142525434496 4.6215226e-17
891.2743587493899 4.4722916e-17
891.5344649553301 5.421317e-17
891.7945711612704 7.579152e-17
892.0546773672106 8.739137e-17
892.3147835731509 9.12624e-17
892.5748897790911 8.893439e-17
892.8349959850314 7.454193e-17
893.0951021909716 4.6936283e-17
893.3552083969118 2.9948276e-17
893.6153146028521 2.5316189e-17
893.8754208087923 2.8194574e-17
894.1355270147326 3.8189347e-17
