# Sample bright sky spectra (moon phase = 97.63, moon alt = +12.22)
# Source: fxSKY.2004-01-09T01:55:30.850.fits (from http://www.eso.org/~fpatat/science/skybright/)
# Wavelength(nm) Flux(erg/s/cm2/A/arcsec2)
364.04163152947945 1.09327694e-16
364.3017377354197 1.0739688e-16
364.56184394135994 1.060489e-16
364.8219501473002 1.074835e-16
365.08205635324043 1.1268075e-16
365.3421625591807 1.2007739e-16
365.6022687651209 1.2616069e-16
365.8623749710612 1.2785416e-16
366.1224811770014 1.2684551e-16
366.38258738294167 1.2443401e-16
366.6426935888819 1.2304615e-16
366.90279979482216 1.2266125e-16
367.1629060007624 1.2096095e-16
367.42301220670265 1.1828938e-16
367.6831184126429 1.1636772e-16
367.94322461858314 1.1318555e-16
368.2033308245234 1.0973054e-16
368.46343703046364 1.1137057e-16
368.7235432364039 1.1532256e-16
368.98364944234413 1.1730103e-16
369.2437556482844 1.2183019e-16
369.5038618542246 1.2704095e-16
369.76396806016487 1.2583899e-16
370.0240742661051 1.2042888e-16
370.28418047204536 1.1561096e-16
370.5442866779856 1.1275426e-16
370.80439288392586 1.141859e-16
371.0644990898661 1.1794362e-16
371.32460529580635 1.1938632e-16
371.5847115017466 1.1494628e-16
371.84481770768684 1.1056841e-16
372.1049239136271 1.0679526e-16
372.36503011956734 1.04736934e-16
372.6251363255076 1.0636078e-16
372.88524253144783 1.0444127e-16
373.1453487373881 9.748512e-17
373.4054549433283 9.442945e-17
373.66556114926857 9.411645e-17
373.9256673552088 9.331544e-17
374.18577356114906 9.3644263e-17
374.4458797670893 9.2806846e-17
374.70598597302956 9.239318e-17
374.9660921789698 9.6325996e-17
375.22619838491005 1.01168265e-16
375.48630459085035 1.057973e-16
375.7464107967906 1.0947169e-16
376.00651700273085 1.0767457e-16
376.2666232086711 1.03865006e-16
376.52672941461134 1.0557567e-16
376.7868356205516 1.0991624e-16
377.04694182649183 1.1477859e-16
377.3070480324321 1.2047733e-16
377.5671542383723 1.2722272e-16
377.82726044431257 1.3221238e-16
378.0873666502528 1.3237411e-16
378.34747285619306 1.2835629e-16
378.6075790621333 1.2311346e-16
378.86768526807356 1.163484e-16
379.1277914740138 1.0809011e-16
379.38789767995405 1.0278215e-16
379.6480038858943 1.0329715e-16
379.90811009183454 1.0630295e-16
380.1682162977748 1.1021308e-16
380.42832250371504 1.1571476e-16
380.6884287096553 1.2004736e-16
380.94853491559553 1.1661815e-16
381.2086411215358 1.1048011e-16
381.468747327476 1.0438162e-16
381.72885353341627 9.628357e-17
381.9889597393565 8.847683e-17
382.24906594529676 8.2837685e-17
382.509172151237 7.87877e-17
382.76927835717726 7.5178125e-17
383.0293845631175 7.211546e-17
383.28949076905775 7.097944e-17
383.549596974998 7.142221e-17
383.80970318093824 7.582862e-17
384.0698093868785 8.3241706e-17
384.32991559281874 9.1003215e-17
384.590021798759 9.770222e-17
384.85012800469923 1.026173e-16
385.1102342106395 1.01777024e-16
385.3703404165797 9.692828e-17
385.63044662251997 9.312898e-17
385.8905528284602 9.375396e-17
386.15065903440046 9.476212e-17
386.4107652403407 9.5962215e-17
386.67087144628096 9.6600706e-17
386.9309776522212 9.75048e-17
387.19108385816145 9.653999e-17
387.4511900641017 9.417984e-17
387.71129627004194 9.3712794e-17
387.9714024759822 9.50577e-17
388.23150868192243 9.2887056e-17
388.4916148878627 9.152368e-17
388.7517210938029 9.531935e-17
389.0118272997432 1.0026309e-16
389.2719335056834 1.0546025e-16
389.53203971162367 1.1155814e-16
389.7921459175639 1.1508091e-16
390.05225212350416 1.1425335e-16
390.3123583294444 1.1476182e-16
390.57246453538465 1.1711817e-16
390.8325707413249 1.2057517e-16
391.09267694726515 1.2395178e-16
391.3527831532054 1.260896e-16
391.61288935914564 1.2302386e-16
391.8729955650859 1.1742684e-16
392.13310177102613 1.098405e-16
392.3932079769664 9.851767e-17
392.6533141829066 8.496466e-17
392.9134203888469 7.154348e-17
393.1735265947871 6.0772556e-17
393.43363280072737 5.717409e-17
393.6937390066676 6.188632e-17
393.95384521260786 7.193911e-17
394.2139514185481 8.6199466e-17
394.47405762448835 9.9191244e-17
394.7341638304286 1.08513106e-16
394.99427003636885 1.1505627e-16
395.2543762423091 1.1939745e-16
395.51448244824934 1.1943838e-16
395.7745886541896 1.1321576e-16
396.03469486012983 1.0194801e-16
396.2948010660701 8.731154e-17
396.5549072720103 7.305904e-17
396.8150134779506 6.538643e-17
397.0751196838908 6.7986365e-17
397.33522588983107 7.910419e-17
397.5953320957713 9.6500035e-17
397.85543830171156 1.1338657e-16
398.1155445076518 1.2534236e-16
398.37565071359205 1.3362535e-16
398.6357569195323 1.387885e-16
398.89586312547254 1.4175783e-16
399.1559693314128 1.437632e-16
399.41607553735304 1.4564049e-16
399.6761817432933 1.4789829e-16
399.93628794923353 1.4855186e-16
400.1963941551738 1.4715555e-16
400.456500361114 1.485286e-16
400.71660656705427 1.5072738e-16
400.9767127729945 1.518533e-16
401.23681897893476 1.5351285e-16
401.496925184875 1.5653416e-16
401.75703139081526 1.5787642e-16
402.0171375967555 1.5753127e-16
402.27724380269575 1.5788673e-16
402.537350008636 1.5696354e-16
402.79745621457624 1.5314943e-16
403.0575624205165 1.5015532e-16
403.31766862645674 1.5019219e-16
403.577774832397 1.5077014e-16
403.83788103833723 1.5106234e-16
404.0979872442775 1.5029313e-16
404.3580934502177 1.4894609e-16
404.61819965615797 1.4817961e-16
404.8783058620982 1.4632056e-16
405.13841206803846 1.4562684e-16
405.3985182739787 1.4776114e-16
405.65862447991896 1.474764e-16
405.9187306858592 1.4316663e-16
406.17883689179945 1.4073853e-16
406.4389430977397 1.4148379e-16
406.69904930367994 1.4198538e-16
406.9591555096202 1.4216552e-16
407.21926171556044 1.4355727e-16
407.4793679215007 1.4385642e-16
407.739474127441 1.4462025e-16
407.99958033338123 1.4617028e-16
408.2596865393215 1.4863403e-16
408.5197927452617 1.5370489e-16
408.779898951202 1.5663963e-16
409.0400051571422 1.5615144e-16
409.30011136308246 1.5363885e-16
409.5602175690227 1.4755898e-16
409.8203237749629 1.388724e-16
410.08042998090315 1.3444312e-16
410.3405361868434 1.3427405e-16
410.60064239278364 1.3673597e-16
410.8607485987239 1.4307505e-16
411.12085480466413 1.5124071e-16
411.3809610106044 1.5533479e-16
411.6410672165446 1.5645401e-16
411.9011734224849 1.576446e-16
412.1612796284251 1.571664e-16
412.42138583436537 1.5541412e-16
412.6814920403056 1.5300167e-16
412.94159824624586 1.5058483e-16
413.2017044521861 1.5015217e-16
413.46181065812635 1.5169541e-16
413.7219168640666 1.5252354e-16
413.98202307000685 1.5206866e-16
414.2421292759471 1.534439e-16
414.50223548188734 1.5288184e-16
414.7623416878276 1.5082344e-16
415.02244789376783 1.4957944e-16
415.2825540997081 1.5042185e-16
415.5426603056483 1.509781e-16
415.8027665115886 1.5249116e-16
416.0628727175288 1.5483527e-16
416.32297892346907 1.5694983e-16
416.5830851294093 1.5736926e-16
416.84319133534956 1.5450863e-16
417.1032975412898 1.5031067e-16
417.36340374723005 1.4728757e-16
417.6235099531703 1.459252e-16
417.88361615911055 1.4484413e-16
418.1437223650508 1.4546614e-16
418.40382857099104 1.4548574e-16
418.6639347769313 1.460956e-16
418.92404098287153 1.4713963e-16
419.1841471888118 1.4696421e-16
419.444253394752 1.4497494e-16
419.70435960069227 1.4382564e-16
419.9644658066325 1.4252344e-16
420.22457201257276 1.4279596e-16
420.484678218513 1.4567503e-16
420.74478442445326 1.4999113e-16
421.0048906303935 1.5318511e-16
421.26499683633375 1.5375395e-16
421.525103042274 1.5312733e-16
421.78520924821424 1.5221205e-16
422.0453154541545 1.4741485e-16
422.30542166009474 1.4108869e-16
422.565527866035 1.3981703e-16
422.82563407197523 1.3911322e-16
423.0857402779155 1.3768311e-16
423.3458464838557 1.3953098e-16
423.60595268979597 1.4388108e-16
423.8660588957362 1.4472606e-16
424.12616510167646 1.4457911e-16
424.38627130761677 1.447259e-16
424.646377513557 1.4432208e-16
424.90648371949726 1.4374758e-16
425.1665899254375 1.4267116e-16
425.42669613137775 1.4118901e-16
425.686802337318 1.4028304e-16
425.94690854325825 1.4228295e-16
426.2070147491985 1.4402476e-16
426.46712095513874 1.4322468e-16
426.727227161079 1.3974315e-16
426.98733336701923 1.3764403e-16
427.2474395729595 1.3558797e-16
427.5075457788997 1.3405673e-16
427.76765198484 1.345787e-16
428.0277581907802 1.3777314e-16
428.28786439672047 1.3896196e-16
428.5479706026607 1.3586247e-16
428.80807680860096 1.3315592e-16
429.0681830145412 1.3146269e-16
429.32828922048145 1.2742647e-16
429.5883954264217 1.2144834e-16
429.84850163236194 1.1624586e-16
430.1086078383022 1.10164026e-16
430.36871404424244 1.0297949e-16
430.6288202501827 9.9645624e-17
430.88892645612293 1.0340515e-16
431.1490326620632 1.1287188e-16
431.4091388680034 1.2522216e-16
431.66924507394367 1.3714529e-16
431.9293512798839 1.4356265e-16
432.18945748582416 1.437784e-16
432.4495636917644 1.426501e-16
432.70966989770466 1.4114531e-16
432.9697761036449 1.4141314e-16
433.22988230958515 1.4380892e-16
433.4899885155254 1.4263692e-16
433.75009472146564 1.36694e-16
434.0102009274059 1.3280189e-16
434.27030713334614 1.3187122e-16
434.5304133392864 1.3400294e-16
434.79051954522663 1.387676e-16
435.0506257511669 1.4336185e-16
435.3107319571071 1.4548263e-16
435.57083816304737 1.4620879e-16
435.8309443689876 1.4793726e-16
436.09105057492786 1.5211105e-16
436.3511567808681 1.5417948e-16
436.61126298680836 1.5449416e-16
436.8713691927486 1.5301678e-16
437.13147539868885 1.497276e-16
437.3915816046291 1.474996e-16
437.65168781056934 1.4518686e-16
437.9117940165096 1.3972719e-16
438.17190022244984 1.3548829e-16
438.4320064283901 1.3466826e-16
438.69211263433033 1.3297811e-16
438.9522188402706 1.3376744e-16
439.2123250462108 1.3933898e-16
439.47243125215107 1.4406058e-16
439.7325374580913 1.4494989e-16
439.99264366403156 1.4413882e-16
440.2527498699718 1.4328577e-16
440.51285607591205 1.4372316e-16
440.7729622818523 1.457364e-16
441.03306848779255 1.4762788e-16
441.2931746937328 1.5050449e-16
441.55328089967304 1.5460769e-16
441.8133871056133 1.5607359e-16
442.07349331155353 1.5541912e-16
442.3335995174938 1.566135e-16
442.593705723434 1.5752194e-16
442.8538119293743 1.5588073e-16
443.1139181353145 1.5399407e-16
443.37402434125477 1.5441526e-16
443.634130547195 1.5454234e-16
443.89423675313526 1.5351829e-16
444.1543429590755 1.5482193e-16
444.41444916501575 1.5702962e-16
444.674555370956 1.5679889e-16
444.93466157689625 1.5518877e-16
445.1947677828365 1.5291392e-16
445.45487398877674 1.4939354e-16
445.714980194717 1.4626335e-16
445.97508640065723 1.4486832e-16
446.2351926065975 1.4615062e-16
446.4952988125377 1.4880486e-16
446.755405018478 1.521555e-16
447.0155112244182 1.5589841e-16
447.27561743035847 1.5854225e-16
447.5357236362987 1.5922427e-16
447.79582984223896 1.5870883e-16
448.0559360481792 1.5891071e-16
448.31604225411945 1.5867773e-16
448.5761484600597 1.569766e-16
448.83625466599995 1.5727868e-16
449.0963608719402 1.5855594e-16
449.35646707788044 1.5862812e-16
449.6165732838207 1.589605e-16
449.87667948976093 1.612726e-16
450.1367856957012 1.6400464e-16
450.3968919016414 1.6654469e-16
450.65699810758167 1.6806683e-16
450.9171043135219 1.6810371e-16
451.17721051946216 1.6708977e-16
451.4373167254024 1.6523669e-16
451.69742293134266 1.6397045e-16
451.9575291372829 1.6186453e-16
452.21763534322315 1.590636e-16
452.4777415491634 1.553655e-16
452.73784775510364 1.5226745e-16
452.9979539610439 1.4927861e-16
453.25806016698414 1.4879513e-16
453.5181663729244 1.5136307e-16
453.77827257886463 1.5465715e-16
454.0383787848049 1.5697613e-16
454.2984849907451 1.5812344e-16
454.55859119668537 1.5695673e-16
454.8186974026256 1.5517612e-16
455.07880360856586 1.5387923e-16
455.3389098145061 1.5407197e-16
455.59901602044636 1.561064e-16
455.8591222263866 1.5823719e-16
456.11922843232685 1.5886474e-16
456.3793346382671 1.6011841e-16
456.63944084420734 1.6044206e-16
456.8995470501476 1.5969147e-16
457.15965325608784 1.6007223e-16
457.4197594620281 1.6057912e-16
457.67986566796833 1.5861135e-16
457.9399718739086 1.5671389e-16
458.2000780798488 1.5515182e-16
458.46018428578907 1.5407791e-16
458.7202904917293 1.5364272e-16
458.98039669766956 1.5401372e-16
459.2405029036098 1.5429924e-16
459.50060910955006 1.542615e-16
459.7607153154903 1.5315395e-16
460.02082152143055 1.5302295e-16
460.2809277273708 1.5387963e-16
460.54103393331104 1.5548415e-16
460.8011401392513 1.564659e-16
461.06124634519153 1.574419e-16
461.3213525511318 1.5796626e-16
461.581458757072 1.580934e-16
461.8415649630123 1.5782924e-16
462.1016711689525 1.5811414e-16
462.36177737489277 1.581212e-16
462.621883580833 1.5825262e-16
462.88198978677326 1.5796888e-16
463.1420959927135 1.5684174e-16
463.40220219865375 1.5575324e-16
463.662308404594 1.5447345e-16
463.92241461053425 1.5346276e-16
464.1825208164745 1.5160077e-16
464.44262702241474 1.5003086e-16
464.702733228355 1.5004265e-16
464.96283943429523 1.497839e-16
465.2229456402355 1.4954788e-16
465.4830518461757 1.5180041e-16
465.743158052116 1.5369249e-16
466.0032642580562 1.5283504e-16
466.26337046399647 1.5014487e-16
466.5234766699367 1.4791592e-16
466.78358287587696 1.4642017e-16
467.0436890818172 1.4579687e-16
467.30379528775745 1.4657983e-16
467.5639014936977 1.4808664e-16
467.82400769963795 1.4921735e-16
468.0841139055782 1.4947859e-16
468.34422011151844 1.4928978e-16
468.6043263174587 1.489413e-16
468.86443252339893 1.4947684e-16
469.1245387293392 1.499825e-16
469.3846449352794 1.4907306e-16
469.6447511412197 1.4715225e-16
469.9048573471599 1.4509043e-16
470.16496355310016 1.4375492e-16
470.4250697590404 1.4219175e-16
470.68517596498066 1.4214122e-16
470.9452821709209 1.430572e-16
471.20538837686115 1.4510811e-16
471.4654945828014 1.4753895e-16
471.72560078874164 1.4989615e-16
471.9857069946819 1.5163421e-16
472.24581320062214 1.5213854e-16
472.5059194065625 1.5052533e-16
472.76602561250274 1.4844571e-16
473.026131818443 1.4691793e-16
473.28623802438324 1.4496706e-16
473.5463442303235 1.4488436e-16
473.80645043626373 1.4638327e-16
474.066556642204 1.4773557e-16
474.3266628481442 1.4871257e-16
474.58676905408447 1.49517e-16
474.8468752600247 1.4891639e-16
475.10698146596496 1.4790122e-16
475.3670876719052 1.4703429e-16
475.62719387784546 1.4609238e-16
475.8873000837857 1.4412892e-16
476.14740628972595 1.429183e-16
476.4075124956662 1.4274048e-16
476.66761870160644 1.4277856e-16
476.9277249075467 1.4324723e-16
477.18783111348694 1.455645e-16
477.4479373194272 1.480847e-16
477.70804352536743 1.4895413e-16
477.9681497313077 1.4872846e-16
478.2282559372479 1.4772272e-16
478.48836214318817 1.4621514e-16
478.7484683491284 1.4524877e-16
479.00857455506866 1.4565634e-16
479.2686807610089 1.4660849e-16
479.52878696694916 1.4710334e-16
479.7888931728894 1.4776987e-16
480.04899937882965 1.477452e-16
480.3091055847699 1.4624724e-16
480.56921179071014 1.4541246e-16
480.8293179966504 1.4585659e-16
481.08942420259064 1.4642553e-16
481.3495304085309 1.4729471e-16
481.6096366144711 1.4832806e-16
481.8697428204114 1.4821168e-16
482.1298490263516 1.4775524e-16
482.38995523229187 1.4706183e-16
482.6500614382321 1.457486e-16
482.91016764417236 1.4484265e-16
483.1702738501126 1.449629e-16
483.43038005605285 1.4435878e-16
483.6904862619931 1.4300881e-16
483.95059246793335 1.4238916e-16
484.2106986738736 1.4214689e-16
484.47080487981384 1.4114334e-16
484.7309110857541 1.4063138e-16
484.99101729169433 1.3930304e-16
485.2511234976346 1.3574993e-16
485.5112297035748 1.2947623e-16
485.7713359095151 1.2223985e-16
486.0314421154553 1.185052e-16
486.29154832139557 1.178105e-16
486.5516545273358 1.1851837e-16
486.81176073327606 1.2108975e-16
487.0718669392163 1.2663382e-16
487.33197314515655 1.2985175e-16
487.5920793510968 1.3184959e-16
487.85218555703705 1.3357328e-16
488.1122917629773 1.3520018e-16
488.37239796891754 1.3461315e-16
488.6325041748578 1.3276794e-16
488.89261038079803 1.3193989e-16
489.1527165867383 1.3354276e-16
489.4128227926785 1.3551177e-16
489.6729289986188 1.3805664e-16
489.933035204559 1.4061329e-16
490.19314141049927 1.4140764e-16
490.4532476164395 1.3960921e-16
490.71335382237976 1.3771755e-16
490.97346002832 1.3736779e-16
491.23356623426025 1.3635495e-16
491.4936724402005 1.3268542e-16
491.75377864614074 1.3026115e-16
492.013884852081 1.2994817e-16
492.27399105802124 1.2994055e-16
492.5340972639615 1.3093033e-16
492.79420346990173 1.3390904e-16
493.054309675842 1.3566941e-16
493.3144158817822 1.3530179e-16
493.57452208772247 1.3392722e-16
493.8346282936627 1.3375431e-16
494.09473449960296 1.3434209e-16
494.3548407055432 1.3574275e-16
494.61494691148346 1.3807513e-16
494.8750531174237 1.3924376e-16
495.13515932336395 1.3747817e-16
495.3952655293042 1.3502156e-16
495.65537173524444 1.3462906e-16
495.9154779411847 1.344155e-16
496.17558414712494 1.3391615e-16
496.4356903530652 1.3469462e-16
496.69579655900543 1.3671043e-16
496.9559027649457 1.3692744e-16
497.2160089708859 1.3638542e-16
497.47611517682617 1.3576509e-16
497.7362213827664 1.3368046e-16
497.99632758870666 1.3080607e-16
498.2564337946469 1.2932766e-16
498.51654000058716 1.2869694e-16
498.7766462065274 1.287475e-16
499.03675241246765 1.3062521e-16
499.2968586184079 1.3291509e-16
499.55696482434814 1.3246538e-16
499.8170710302884 1.3066817e-16
500.07717723622864 1.2861224e-16
500.3372834421689 1.2683102e-16
500.59738964810913 1.2564974e-16
500.8574958540494 1.2454303e-16
501.1176020599896 1.2361055e-16
501.37770826592987 1.2316887e-16
501.6378144718701 1.2312169e-16
501.89792067781036 1.2250214e-16
502.1580268837506 1.2331133e-16
502.41813308969085 1.2432534e-16
502.6782392956311 1.2612041e-16
502.93834550157135 1.272824e-16
503.1984517075116 1.2659164e-16
503.45855791345184 1.2493172e-16
503.7186641193921 1.2304505e-16
503.97877032533233 1.2214865e-16
504.2388765312726 1.2207407e-16
504.4989827372128 1.2223449e-16
504.7590889431531 1.2352042e-16
505.0191951490933 1.2622558e-16
505.27930135503357 1.2711508e-16
505.5394075609738 1.2750746e-16
505.79951376691406 1.2905773e-16
506.0596199728543 1.2925158e-16
506.31972617879455 1.284446e-16
506.5798323847348 1.2735578e-16
506.83993859067505 1.2605053e-16
507.1000447966153 1.2458911e-16
507.36015100255554 1.2377143e-16
507.6202572084958 1.2238386e-16
507.88036341443603 1.2143296e-16
508.1404696203763 1.2182926e-16
508.4005758263165 1.2229155e-16
508.6606820322568 1.2371009e-16
508.920788238197 1.2616999e-16
509.18089444413727 1.2673868e-16
509.4410006500775 1.252588e-16
509.70110685601776 1.2446195e-16
509.961213061958 1.2393151e-16
510.22131926789825 1.2258561e-16
510.4814254738385 1.2198194e-16
510.74153167977875 1.2330723e-16
511.001637885719 1.2422137e-16
511.26174409165924 1.2476529e-16
511.5218502975995 1.2587086e-16
511.78195650353973 1.2599027e-16
512.04206270948 1.2472917e-16
512.3021689154202 1.2301179e-16
512.5622751213605 1.2140061e-16
512.8223813273007 1.2014101e-16
513.082487533241 1.2002293e-16
513.3425937391812 1.1989391e-16
513.6026999451215 1.1929718e-16
513.8628061510617 1.1872838e-16
514.122912357002 1.1811982e-16
514.3830185629422 1.1756926e-16
514.6431247688824 1.1789894e-16
514.9032309748227 1.1859433e-16
515.1633371807629 1.194211e-16
515.4234433867032 1.2012494e-16
515.6835495926434 1.204403e-16
515.9436557985837 1.189517e-16
516.2037620045239 1.1492641e-16
516.4638682104642 1.09882825e-16
516.7239744164044 1.0443787e-16
516.9840806223447 1.0123423e-16
517.2441868282849 1.0252372e-16
517.5042930342252 1.0623666e-16
517.7643992401654 1.0691875e-16
518.0245054461056 1.07208285e-16
518.2846116520459 1.0914138e-16
518.5447178579861 1.0835223e-16
518.8048240639264 1.0703992e-16
519.0649302698666 1.0961188e-16
519.3250364758069 1.1421178e-16
519.5851426817471 1.1614782e-16
519.8452488876874 1.167451e-16
520.1053550936276 1.1666059e-16
520.3654612995679 1.1636539e-16
520.6255675055081 1.1617515e-16
520.8856737114484 1.1575546e-16
521.1457799173886 1.1514066e-16
521.4058861233289 1.1625351e-16
521.6659923292691 1.1828442e-16
521.9260985352093 1.1812728e-16
522.1862047411496 1.1570588e-16
522.4463109470898 1.149978e-16
522.7064171530301 1.1420828e-16
522.9665233589703 1.1258279e-16
523.2266295649106 1.1288792e-16
523.4867357708508 1.1561996e-16
523.7468419767911 1.1730472e-16
524.0069481827313 1.1866192e-16
524.2670543886716 1.1957694e-16
524.5271605946118 1.189869e-16
524.7872668005521 1.1796826e-16
525.0473730064923 1.1747585e-16
525.3074792124326 1.1751558e-16
525.5675854183728 1.1723925e-16
525.827691624313 1.1534676e-16
526.0877978302533 1.1215927e-16
526.3479040361935 1.0871346e-16
526.6080102421338 1.0489172e-16
526.868116448074 1.03073904e-16
527.1282226540143 1.04029344e-16
527.3883288599545 1.071344e-16
527.6484350658948 1.0966349e-16
527.908541271835 1.1178803e-16
528.1686474777753 1.1348947e-16
528.4287536837155 1.1536994e-16
528.6888598896558 1.1617588e-16
528.948966095596 1.1703944e-16
529.2090723015363 1.1733137e-16
529.4691785074765 1.1629905e-16
529.7292847134167 1.1505664e-16
529.989390919357 1.1443346e-16
530.2494971252972 1.1434026e-16
530.5096033312375 1.1584631e-16
530.7697095371777 1.1746202e-16
531.029815743118 1.1793888e-16
531.2899219490582 1.1753556e-16
531.5500281549985 1.1707257e-16
531.8101343609387 1.1569169e-16
532.070240566879 1.132934e-16
532.3303467728192 1.1048109e-16
532.5904529787595 1.0912885e-16
532.8505591846997 1.0877805e-16
533.11066539064 1.0937999e-16
533.3707715965802 1.1033086e-16
533.6308778025204 1.1165011e-16
533.8909840084607 1.1270753e-16
534.1510902144009 1.1249415e-16
534.4111964203412 1.1173458e-16
534.6713026262814 1.1197725e-16
534.9314088322217 1.1330896e-16
535.1915150381619 1.1455099e-16
535.4516212441022 1.155309e-16
535.7117274500424 1.161745e-16
535.9718336559827 1.1554661e-16
536.2319398619229 1.1419116e-16
536.4920460678632 1.1171449e-16
536.7521522738034 1.0943985e-16
537.0122584797437 1.0913911e-16
537.2723646856839 1.09896655e-16
537.5324708916241 1.1057026e-16
537.7925770975644 1.1141161e-16
538.0526833035046 1.1261095e-16
538.3127895094449 1.1256159e-16
538.5728957153851 1.1163602e-16
538.8330019213254 1.1063735e-16
539.0931081272656 1.0968855e-16
539.3532143332059 1.08555e-16
539.6133205391461 1.0753673e-16
539.8734267450864 1.0644693e-16
540.1335329510266 1.0519842e-16
540.3936391569669 1.0452335e-16
540.6537453629071 1.0450509e-16
540.9138515688473 1.0440477e-16
541.1739577747876 1.05189766e-16
541.4340639807278 1.0684456e-16
541.6941701866681 1.07619903e-16
541.9542763926083 1.0792959e-16
542.2143825985486 1.08033904e-16
542.4744888044888 1.074981e-16
542.7345950104291 1.06603166e-16
542.9947012163693 1.0597061e-16
543.2548074223096 1.0637693e-16
543.5149136282498 1.0701149e-16
543.7750198341901 1.07916114e-16
544.0351260401303 1.08068626e-16
544.2952322460706 1.0796952e-16
544.5553384520108 1.086633e-16
544.815444657951 1.08065284e-16
545.0755508638913 1.0678657e-16
545.3356570698315 1.0706821e-16
545.5957632757718 1.08000995e-16
545.855869481712 1.07256884e-16
546.1159756876523 1.06683356e-16
546.3760818935925 1.07309135e-16
546.6361880995329 1.0739216e-16
546.8962943054731 1.06667845e-16
547.1564005114134 1.0597751e-16
547.4165067173536 1.052417e-16
547.6766129232939 1.04455276e-16
547.9367191292341 1.042492e-16
548.1968253351744 1.04402714e-16
548.4569315411146 1.05154224e-16
548.7170377470549 1.0619755e-16
548.9771439529951 1.06615475e-16
549.2372501589354 1.0654304e-16
549.4973563648756 1.0643636e-16
549.7574625708158 1.06116605e-16
550.0175687767561 1.0578143e-16
550.2776749826963 1.05538605e-16
550.5377811886366 1.0529481e-16
550.7978873945768 1.0477941e-16
551.0579936005171 1.0467505e-16
551.3180998064573 1.0504275e-16
551.5782060123976 1.0552491e-16
551.8383122183378 1.05754155e-16
552.0984184242781 1.05760124e-16
552.3585246302183 1.0492099e-16
552.6186308361586 1.04218444e-16
552.8787370420988 1.0363811e-16
553.138843248039 1.03180855e-16
553.3989494539793 1.0335641e-16
553.6590556599195 1.04482665e-16
553.9191618658598 1.05003836e-16
554.1792680718 1.0519051e-16
554.4393742777403 1.0578369e-16
554.6994804836805 1.0604149e-16
554.9595866896208 1.0553372e-16
555.219692895561 1.0530183e-16
555.4797991015013 1.0504494e-16
555.7399053074415 1.04355233e-16
556.0000115133818 1.0365291e-16
556.260117719322 1.0313939e-16
556.5202239252623 1.0246154e-16
556.7803301312025 1.0281774e-16
557.0404363371428 1.1837386e-16
557.300542543083 1.5798326e-16
557.5606487490232 1.7370432e-16
557.8207549549635 1.745551e-16
558.0808611609037 1.7354616e-16
558.340967366844 1.5894166e-16
558.6010735727842 1.1913435e-16
558.8611797787245 9.885254e-17
559.1212859846647 9.7340656e-17
559.381392190605 9.7212204e-17
559.6414983965452 9.755498e-17
559.9016046024855 9.7889215e-17
560.1617108084257 9.9010846e-17
560.421817014366 1.0008049e-16
560.6819232203062 1.0070015e-16
560.9420294262464 1.0102589e-16
561.2021356321867 1.004608e-16
561.4622418381269 9.951404e-17
561.7223480440672 9.883897e-17
561.9824542500074 9.7743334e-17
562.2425604559477 9.778459e-17
562.5026666618879 9.9104847e-17
562.7627728678282 9.950566e-17
563.0228790737684 9.922339e-17
563.2829852797087 9.899048e-17
563.5430914856489 9.8850307e-17
563.8031976915892 9.814639e-17
564.0633038975294 9.773919e-17
564.3234101034697 9.780272e-17
564.5835163094099 9.8157176e-17
564.8436225153501 9.813028e-17
565.1037287212904 9.765876e-17
565.3638349272306 9.6483485e-17
565.6239411331709 9.5130714e-17
565.8840473391111 9.462649e-17
566.1441535450514 9.446557e-17
566.4042597509916 9.4810965e-17
566.6643659569319 9.5852425e-17
566.9244721628721 9.688358e-17
567.1845783688124 9.733921e-17
567.4446845747526 9.7428655e-17
567.7047907806929 9.709237e-17
567.9648969866331 9.607255e-17
568.2250031925734 9.500061e-17
568.4851093985136 9.432079e-17
568.7452156044538 9.387929e-17
569.0053218103941 9.3989575e-17
569.2654280163343 9.443435e-17
569.5255342222746 9.439019e-17
569.7856404282148 9.4312314e-17
570.0457466341551 9.37476e-17
570.3058528400953 9.2537125e-17
570.5659590460356 9.1089255e-17
570.8260652519758 9.0495776e-17
571.0861714579161 9.0521544e-17
571.3462776638563 9.070387e-17
571.6063838697966 9.149652e-17
571.8664900757368 9.292882e-17
572.126596281677 9.3869415e-17
572.3867024876173 9.419436e-17
572.6468086935575 9.421764e-17
572.9069148994978 9.409308e-17
573.167021105438 9.3868085e-17
573.4271273113783 9.3634165e-17
573.6872335173185 9.3392437e-17
573.9473397232588 9.330877e-17
574.207445929199 9.3051605e-17
574.4675521351393 9.263105e-17
574.7276583410795 9.205256e-17
574.9877645470198 9.108258e-17
575.24787075296 9.074614e-17
575.5079769589003 9.056679e-17
575.7680831648405 9.0039126e-17
576.0281893707808 9.018711e-17
576.288295576721 9.099731e-17
576.5484017826612 9.126457e-17
576.8085079886015 9.114332e-17
577.0686141945417 9.150762e-17
577.328720400482 9.172453e-17
577.5888266064222 9.0829e-17
577.8489328123625 8.993465e-17
578.1090390183027 8.9253304e-17
578.369145224243 8.9050354e-17
578.6292514301832 8.878966e-17
578.8893576361235 8.8928414e-17
579.1494638420637 8.9740375e-17
579.409570048004 9.026239e-17
579.6696762539442 9.075559e-17
579.9297824598844 9.112797e-17
580.1898886658247 9.1173243e-17
580.4499948717649 9.1157064e-17
580.7101010777052 9.133798e-17
580.9702072836454 9.132848e-17
581.2303134895857 9.1280684e-17
581.4904196955259 9.1758325e-17
581.7505259014662 9.230159e-17
582.0106321074064 9.240615e-17
582.2707383133467 9.265133e-17
582.5308445192869 9.3070663e-17
582.7909507252272 9.319659e-17
583.0510569311674 9.3027676e-17
583.3111631371077 9.2811094e-17
583.571269343048 9.2773765e-17
583.8313755489883 9.286587e-17
584.0914817549285 9.2897697e-17
584.3515879608688 9.266237e-17
584.611694166809 9.246184e-17
584.8718003727492 9.2008054e-17
585.1319065786895 9.122529e-17
585.3920127846297 9.013759e-17
585.65211899057 8.960805e-17
585.9122251965102 8.9451735e-17
586.1723314024505 9.033915e-17
586.4324376083907 9.138796e-17
586.692543814331 9.234942e-17
586.9526500202712 9.289788e-17
587.2127562262115 9.2879426e-17
587.4728624321517 9.185548e-17
587.732968638092 9.059755e-17
587.9930748440322 8.959029e-17
588.2531810499725 8.990521e-17
588.5132872559127 9.283333e-17
588.773393461853 9.395956e-17
589.0334996677932 9.569745e-17
589.2936058737334 9.715092e-17
589.5537120796737 9.57967e-17
589.8138182856139 9.2221956e-17
590.0739244915542 9.0315126e-17
590.3340306974944 8.86674e-17
590.5941369034347 8.672927e-17
590.8542431093749 8.708359e-17
591.1143493153152 8.7436505e-17
591.3744555212554 8.7175744e-17
591.6345617271957 8.6697726e-17
591.8946679331359 8.65423e-17
592.1547741390762 8.651839e-17
592.4148803450164 8.621825e-17
592.6749865509566 8.6544466e-17
592.9350927568969 8.744607e-17
593.1951989628371 8.790967e-17
593.4553051687774 8.7745096e-17
593.7154113747176 8.7143564e-17
593.9755175806579 8.638953e-17
594.2356237865981 8.517982e-17
594.4957299925384 8.41852e-17
594.7558361984786 8.4044826e-17
595.0159424044189 8.516161e-17
595.2760486103591 8.5364086e-17
595.5361548162994 8.549064e-17
595.7962610222396 8.640204e-17
596.0563672281799 8.6392067e-17
596.3164734341201 8.548906e-17
596.5765796400603 8.562427e-17
596.8366858460006 8.595558e-17
597.0967920519408 8.5538436e-17
597.3568982578811 8.541868e-17
597.6170044638213 8.558888e-17
597.8771106697616 8.5129935e-17
598.1372168757018 8.427946e-17
598.3973230816421 8.40111e-17
598.6574292875823 8.395441e-17
598.9175354935226 8.373959e-17
599.1776416994628 8.3908414e-17
599.4377479054031 8.425548e-17
599.6978541113433 8.443246e-17
599.9579603172836 8.4335246e-17
600.2180665232238 8.405369e-17
600.478172729164 8.357923e-17
600.7382789351043 8.3428305e-17
600.9983851410445 8.309366e-17
601.2584913469848 8.267627e-17
601.518597552925 8.218849e-17
601.7787037588653 8.1887936e-17
602.0388099648055 8.1626044e-17
602.2989161707458 8.17095e-17
602.559022376686 8.214711e-17
602.8191285826263 8.276333e-17
603.0792347885665 8.3432765e-17
603.3393409945068 8.40008e-17
603.599447200447 8.4153094e-17
603.8595534063872 8.405545e-17
604.1196596123275 8.3910214e-17
604.3797658182677 8.3752606e-17
604.639872024208 8.3587455e-17
604.8999782301482 8.3387846e-17
605.1600844360885 8.3144675e-17
605.4201906420287 8.295043e-17
605.680296847969 8.284563e-17
605.9404030539092 8.2605975e-17
606.2005092598495 8.241503e-17
606.4606154657897 8.256991e-17
606.72072167173 8.269971e-17
606.9808278776702 8.260047e-17
607.2409340836105 8.25466e-17
607.5010402895507 8.2407955e-17
607.761146495491 8.20675e-17
608.0212527014312 8.16285e-17
608.2813589073714 8.113247e-17
608.5414651133117 8.0885254e-17
608.8015713192519 8.090929e-17
609.0616775251922 8.090106e-17
609.3217837311324 8.103966e-17
609.5818899370727 8.0918235e-17
609.8419961430129 8.02367e-17
610.1021023489532 8.012702e-17
610.3622085548934 7.996008e-17
610.6223147608337 7.987511e-17
610.8824209667739 7.98068e-17
611.1425271727142 8.051017e-17
611.4026333786544 8.071683e-17
611.6627395845946 8.023503e-17
611.9228457905349 7.9704656e-17
612.1829519964751 7.944064e-17
612.4430582024154 7.9241355e-17
612.7031644083556 7.914225e-17
612.9632706142959 7.922474e-17
613.2233768202361 7.8950704e-17
613.4834830261764 7.85333e-17
613.7435892321166 7.8479025e-17
614.0036954380569 7.86341e-17
614.2638016439971 7.869752e-17
614.5239078499374 7.91015e-17
614.7840140558776 7.956847e-17
615.0441202618179 7.9583067e-17
615.3042264677581 7.938303e-17
615.5643326736983 7.866528e-17
615.8244388796386 7.749737e-17
616.0845450855788 7.668668e-17
616.3446512915191 7.6288095e-17
616.6047574974593 7.607214e-17
616.8648637033996 7.64018e-17
617.1249699093398 7.73719e-17
617.3850761152801 7.8081456e-17
617.6451823212203 7.8459894e-17
617.9052885271606 7.889853e-17
618.1653947331008 7.877153e-17
618.4255009390411 7.869701e-17
618.6856071449813 7.822038e-17
618.9457133509216 7.811026e-17
619.2058195568618 7.788424e-17
619.465925762802 7.785578e-17
619.7260319687423 7.816699e-17
619.9861381746825 7.8948606e-17
620.2462443806228 7.922551e-17
620.506350586563 7.928837e-17
620.7664567925033 7.920567e-17
621.0265629984435 7.861106e-17
621.2866692043838 7.771867e-17
621.546775410324 7.738427e-17
621.8068816162643 7.745687e-17
622.0669878222045 7.7510615e-17
622.3270940281448 7.743949e-17
622.587200234085 7.7093094e-17
622.8473064400252 7.713755e-17
623.1074126459655 7.818762e-17
623.3675188519057 7.868424e-17
623.627625057846 7.904474e-17
623.8877312637862 7.960535e-17
624.1478374697265 7.916907e-17
624.4079436756667 7.7368294e-17
624.668049881607 7.600324e-17
624.9281560875472 7.4987145e-17
625.1882622934875 7.5046676e-17
625.4483684994277 7.627245e-17
625.708474705368 7.6833366e-17
625.9685809113082 7.7255374e-17
626.2286871172485 7.8096716e-17
626.4887933231887 7.8053305e-17
626.748899529129 7.68253e-17
627.0090057350692 7.609432e-17
627.2691119410094 7.4819605e-17
627.5292181469497 7.272444e-17
627.7893243528899 7.16008e-17
628.0494305588302 7.1423605e-17
628.3095367647704 7.2400366e-17
628.5696429707107 7.339904e-17
628.8297491766509 7.427291e-17
629.0898553825912 7.527105e-17
629.3499615885314 7.8457936e-17
629.6100677944717 8.6010326e-17
629.8701740004119 8.91369e-17
630.1302802063522 9.0424274e-17
630.3903864122924 9.1671504e-17
630.6504926182326 8.960044e-17
630.9105988241729 8.073212e-17
631.1707050301131 7.512903e-17
631.4308112360534 7.366192e-17
631.6909174419936 7.216249e-17
631.9510236479339 7.2013894e-17
632.2111298538741 7.259267e-17
632.4712360598144 7.423502e-17
632.7313422657546 7.578214e-17
632.9914484716949 7.558905e-17
633.2515546776351 7.50119e-17
633.5116608835754 7.4671036e-17
633.7717670895156 7.3661817e-17
634.0318732954559 7.259848e-17
634.2919795013961 7.262396e-17
634.5520857073363 7.337444e-17
634.8121919132766 7.380991e-17
635.0722981192168 7.435932e-17
635.3324043251571 7.499e-17
635.5925105310973 7.498383e-17
635.8526167370376 7.689098e-17
636.1127229429778 7.895662e-17
636.3728291489181 7.893983e-17
636.6329353548583 7.848616e-17
636.8930415607986 7.829731e-17
637.1531477667388 7.6798274e-17
637.4132539726791 7.438603e-17
637.6733601786193 7.39451e-17
637.9334663845596 7.41019e-17
638.1935725904998 7.4398166e-17
638.45367879644 7.459803e-17
638.7137850023803 7.432986e-17
638.9738912083205 7.38786e-17
639.2339974142608 7.3553185e-17
639.494103620201 7.285429e-17
639.7542098261413 7.20222e-17
640.0143160320815 7.1896123e-17
640.2744222380218 7.203789e-17
640.534528443962 7.1724527e-17
640.7946346499023 7.169326e-17
641.0547408558425 7.187958e-17
641.3148470617828 7.162362e-17
641.574953267723 7.160857e-17
641.8350594736633 7.177376e-17
642.0951656796035 7.2245075e-17
642.3552718855437 7.2348174e-17
642.615378091484 7.22052e-17
642.8754842974242 7.212525e-17
643.1355905033645 7.226166e-17
643.3956967093047 7.180433e-17
643.655802915245 7.128959e-17
643.9159091211852 7.147017e-17
644.1760153271255 7.170062e-17
644.4361215330657 7.153629e-17
644.696227739006 7.155541e-17
644.9563339449462 7.1659987e-17
645.2164401508865 7.128976e-17
645.4765463568267 7.101158e-17
645.736652562767 7.0700914e-17
645.9967587687072 7.1113465e-17
646.2568649746474 7.1579565e-17
646.5169711805877 7.1942135e-17
646.7770773865279 7.225113e-17
647.0371835924682 7.19341e-17
647.2972897984084 7.14828e-17
647.5573960043487 7.060033e-17
647.8175022102889 6.959586e-17
648.0776084162292 6.867125e-17
648.3377146221694 6.8768534e-17
648.5978208281097 6.874817e-17
648.8579270340499 6.803809e-17
649.1180332399902 6.753065e-17
649.3781394459304 6.876862e-17
649.6382456518706 6.995902e-17
649.8983518578109 7.067903e-17
650.1584580637511 7.2008044e-17
650.4185642696914 7.333412e-17
650.6786704756316 7.287961e-17
650.9387766815719 7.151371e-17
651.1988828875121 7.0302325e-17
651.4589890934524 6.8818396e-17
651.7190952993926 6.866464e-17
651.9792015053329 6.8758535e-17
652.2393077112731 6.8863964e-17
652.4994139172134 6.961115e-17
652.7595201231536 7.1343626e-17
653.0196263290939 7.220602e-17
653.2797325350341 7.20048e-17
653.5398387409743 7.2081134e-17
653.7999449469146 7.2185465e-17
654.0600511528548 7.135723e-17
654.3201573587951 6.988079e-17
654.5802635647353 6.938435e-17
654.8403697706756 6.988705e-17
655.1004759766158 6.997137e-17
655.3605821825561 6.8875756e-17
655.6206883884963 6.7832046e-17
655.8807945944366 6.702425e-17
656.1409008003768 6.5320845e-17
656.4010070063171 6.402592e-17
656.6611132122573 6.4470126e-17
656.9212194181976 6.5238167e-17
657.1813256241378 6.66183e-17
657.441431830078 6.8559965e-17
657.7015380360183 6.939848e-17
657.9616442419585 6.9731676e-17
658.2217504478988 7.0195235e-17
658.481856653839 7.001404e-17
658.7419628597793 6.8842537e-17
659.0020690657195 6.827926e-17
659.2621752716598 6.8249666e-17
659.5222814776 6.836486e-17
659.7823876835403 6.860638e-17
660.0424938894805 6.916902e-17
660.3026000954208 6.952024e-17
660.562706301361 6.925902e-17
660.8228125073013 6.920535e-17
661.0829187132415 6.904189e-17
661.3430249191817 6.857723e-17
661.603131125122 6.857779e-17
661.8632373310622 6.87576e-17
662.1233435370025 6.897076e-17
662.3834497429427 6.904335e-17
662.643555948883 6.890708e-17
662.9036621548232 6.8653185e-17
663.1637683607635 6.85139e-17
663.4238745667037 6.8475665e-17
663.683980772644 6.818032e-17
663.9440869785842 6.807387e-17
664.2041931845245 6.8010075e-17
664.4642993904647 6.816884e-17
664.724405596405 6.81455e-17
664.9845118023452 6.820175e-17
665.2446180082854 6.847411e-17
665.5047242142257 6.853169e-17
665.7648304201659 6.844896e-17
666.0249366261062 6.7992744e-17
666.2850428320464 6.805653e-17
666.5451490379867 6.7942935e-17
666.8052552439269 6.7899174e-17
667.0653614498672 6.794841e-17
667.3254676558074 6.788116e-17
667.5855738617477 6.752301e-17
667.8456800676879 6.744752e-17
668.1057862736282 6.738972e-17
668.3658924795684 6.7380445e-17
668.6259986855086 6.771483e-17
668.8861048914489 6.794783e-17
669.1462110973891 6.7928926e-17
669.4063173033294 6.7867906e-17
669.6664235092696 6.76816e-17
669.9265297152099 6.74855e-17
670.1866359211501 6.7344096e-17
670.4467421270904 6.72416e-17
670.7068483330306 6.719324e-17
670.9669545389709 6.700433e-17
671.2270607449111 6.6820444e-17
671.4871669508514 6.66283e-17
671.7472731567916 6.6353563e-17
672.0073793627319 6.6388934e-17
672.2674855686721 6.647135e-17
672.5275917746123 6.638551e-17
672.7876979805526 6.679835e-17
673.0478041864928 6.705665e-17
673.3079103924331 6.704758e-17
673.5680165983733 6.715081e-17
673.8281228043136 6.707286e-17
674.0882290102538 6.687981e-17
674.3483352161941 6.662787e-17
674.6084414221343 6.639144e-17
674.8685476280746 6.6121516e-17
675.1286538340148 6.5945274e-17
675.3887600399551 6.581074e-17
675.6488662458953 6.5739034e-17
675.9089724518356 6.584152e-17
676.1690786577758 6.579089e-17
676.429184863716 6.570711e-17
676.6892910696563 6.560041e-17
676.9493972755965 6.539344e-17
677.2095034815368 6.543287e-17
677.469609687477 6.543303e-17
677.7297158934173 6.5555705e-17
677.9898220993575 6.5445716e-17
678.2499283052978 6.521381e-17
678.510034511238 6.504582e-17
678.7701407171783 6.496379e-17
679.0302469231185 6.48355e-17
679.2903531290588 6.481364e-17
679.550459334999 6.485717e-17
679.8105655409393 6.4877655e-17
680.0706717468795 6.480887e-17
680.3307779528197 6.469923e-17
680.59088415876 6.4597836e-17
680.8509903647002 6.4625285e-17
681.1110965706405 6.460262e-17
681.3712027765807 6.4670774e-17
681.631308982521 6.468377e-17
681.8914151884612 6.467124e-17
682.1515213944015 6.5346514e-17
682.4116276003417 6.709775e-17
682.671733806282 6.91419e-17
682.9318400122222 7.1083223e-17
683.1919462181625 7.243569e-17
683.4520524241027 7.198322e-17
683.712158630043 7.0379445e-17
683.9722648359832 6.8052586e-17
684.2323710419234 6.5917745e-17
684.4924772478637 6.415076e-17
684.7525834538039 6.387812e-17
685.0126896597442 6.355649e-17
685.2727958656844 6.323849e-17
685.5329020716247 6.334402e-17
685.7930082775649 6.566427e-17
686.0531144835052 6.8623294e-17
686.3132206894454 6.672716e-17
686.5733268953857 6.251562e-17
686.8334331013259 5.8254684e-17
687.0935393072662 5.267604e-17
687.3536455132064 4.6528933e-17
687.6137517191466 4.5905622e-17
687.8738579250869 4.918116e-17
688.1339641310271 5.1608827e-17
688.3940703369674 5.374534e-17
688.6541765429076 5.4952775e-17
688.9142827488479 5.4531624e-17
689.1743889547881 5.342818e-17
689.4344951607284 5.3432522e-17
689.6946013666686 5.416711e-17
689.9547075726089 5.4312315e-17
690.2148137785491 5.459576e-17
690.4749199844894 5.536696e-17
690.7350261904296 5.6567944e-17
690.9951323963699 5.693607e-17
691.2552386023101 5.709361e-17
691.5153448082503 5.790387e-17
691.7754510141906 5.986493e-17
692.0355572201308 6.087077e-17
692.2956634260711 6.073291e-17
692.5557696320113 6.061491e-17
692.8158758379516 6.0342766e-17
693.0759820438918 5.894408e-17
693.3360882498321 5.753086e-17
693.5961944557723 5.734859e-17
693.8563006617126 5.740028e-17
694.1164068676528 5.788785e-17
694.3765130735931 5.952144e-17
694.6366192795333 6.077295e-17
694.8967254854736 6.063111e-17
695.1568316914138 6.055887e-17
695.416937897354 6.02224e-17
695.6770441032943 5.897795e-17
695.9371503092345 5.740214e-17
696.1972565151748 5.7435484e-17
696.457362721115 5.8565314e-17
696.7174689270553 5.965864e-17
696.9775751329955 6.013535e-17
697.2376813389358 6.08837e-17
697.497787544876 6.1620476e-17
697.7578937508163 6.123475e-17
698.0179999567565 6.04027e-17
698.2781061626968 5.9611816e-17
698.538212368637 5.862978e-17
698.7983185745773 5.724353e-17
699.0584247805175 5.660145e-17
699.3185309864577 5.6377044e-17
699.578637192398 5.650914e-17
699.8387433983382 5.697007e-17
700.0988496042785 5.685417e-17
700.3589558102187 5.6655354e-17
700.619062016159 5.6817475e-17
700.8791682220992 5.697997e-17
701.1392744280395 5.626934e-17
701.3993806339797 5.595795e-17
701.65948683992 5.5976086e-17
701.9195930458603 5.5449073e-17
702.1796992518006 5.4742813e-17
702.4398054577408 5.4980988e-17
702.6999116636811 5.58696e-17
702.9600178696213 5.6304444e-17
703.2201240755616 5.648114e-17
703.4802302815018 5.6652455e-17
703.740336487442 5.703375e-17
704.0004426933823 5.7180025e-17
704.2605488993225 5.7337923e-17
704.5206551052628 5.776285e-17
704.780761311203 5.8048564e-17
705.0408675171433 5.806652e-17
705.3009737230835 5.782099e-17
705.5610799290238 5.750433e-17
705.821186134964 5.7169496e-17
706.0812923409043 5.72308e-17
706.3413985468445 5.743784e-17
706.6015047527848 5.76814e-17
706.861610958725 5.79306e-17
707.1217171646653 5.799582e-17
707.3818233706055 5.796769e-17
707.6419295765457 5.8023385e-17
707.902035782486 5.800741e-17
708.1621419884262 5.7797e-17
708.4222481943665 5.767361e-17
708.6823544003067 5.752032e-17
708.942460606247 5.73512e-17
709.2025668121872 5.717523e-17
709.4626730181275 5.714804e-17
709.7227792240677 5.711136e-17
709.982885430008 5.7234427e-17
710.2429916359482 5.71359e-17
710.5030978418885 5.699315e-17
710.7632040478287 5.6768783e-17
711.023310253769 5.6546444e-17
711.2834164597092 5.632682e-17
711.5435226656494 5.619485e-17
711.8036288715897 5.604211e-17
712.0637350775299 5.614496e-17
712.3238412834702 5.6168297e-17
712.5839474894104 5.5812265e-17
712.8440536953507 5.572472e-17
713.1041599012909 5.588622e-17
713.3642661072312 5.597195e-17
713.6243723131714 5.6066e-17
713.8844785191117 5.633392e-17
714.1445847250519 5.6433147e-17
714.4046909309922 5.6033526e-17
714.6647971369324 5.55509e-17
714.9249033428727 5.5388153e-17
715.1850095488129 5.5209846e-17
715.4451157547531 5.5074595e-17
715.7052219606934 5.4989048e-17
715.9653281666336 5.450113e-17
716.2254343725739 5.2939384e-17
716.4855405785141 5.1172433e-17
716.7456467844544 4.9286783e-17
717.0057529903946 4.7271e-17
717.2658591963349 4.5801242e-17
717.5259654022751 4.5374913e-17
717.7860716082154 4.5265398e-17
718.0461778141556 4.4736247e-17
718.3062840200959 4.4268705e-17
718.5663902260361 4.434601e-17
718.8264964319764 4.369315e-17
719.0866026379166 4.2772742e-17
719.3467088438568 4.2504143e-17
719.6068150497971 4.229779e-17
719.8669212557373 4.1599413e-17
720.1270274616776 4.1689463e-17
720.3871336676178 4.2462863e-17
720.6472398735581 4.3952404e-17
720.9073460794983 4.5927655e-17
721.1674522854386 4.7869223e-17
721.4275584913788 4.9440324e-17
721.6876646973191 5.062106e-17
721.9477709032593 5.0757748e-17
722.2078771091996 5.035008e-17
722.4679833151398 4.995935e-17
722.72808952108 4.893939e-17
722.9881957270203 4.7213024e-17
723.2483019329605 4.7487112e-17
723.5084081389008 5.0753443e-17
723.768514344841 5.4160418e-17
724.0286205507813 5.8245565e-17
724.2887267567215 6.163347e-17
724.5488329626618 6.163857e-17
724.808939168602 5.816974e-17
725.0690453745423 5.4369162e-17
725.3291515804825 5.0548938e-17
725.5892577864228 4.7054037e-17
725.849363992363 4.590159e-17
726.1094701983033 4.576629e-17
726.3695764042435 4.6103375e-17
726.6296826101837 4.674783e-17
726.889788816124 4.8917582e-17
727.1498950220642 5.4516195e-17
727.4100012280045 5.824265e-17
727.6701074339447 5.904361e-17
727.930213639885 6.102112e-17
728.1903198458252 6.167737e-17
728.4504260517655 5.6560585e-17
728.7105322577057 5.1772262e-17
728.970638463646 5.0523e-17
729.2307446695862 4.9019994e-17
729.4908508755265 4.682194e-17
729.7509570814667 4.7236053e-17
730.011063287407 4.9011166e-17
730.2711694933472 4.9715368e-17
730.5312756992874 4.8963004e-17
730.7913819052277 4.9207764e-17
731.0514881111679 5.3005836e-17
731.3115943171082 5.679077e-17
731.5717005230484 5.766085e-17
731.8318067289887 5.827695e-17
732.0919129349289 5.875689e-17
732.3520191408692 5.757949e-17
732.6121253468094 5.4741294e-17
732.8722315527497 5.3888802e-17
733.1323377586899 5.3961478e-17
733.3924439646302 5.6464136e-17
733.6525501705704 6.1765345e-17
733.9126563765107 6.295323e-17
734.1727625824509 6.2710435e-17
734.4328687883911 6.255104e-17
734.6929749943314 6.062776e-17
734.9530812002716 5.4488028e-17
735.2131874062119 5.1016007e-17
735.4732936121521 5.1968386e-17
735.7333998180924 5.2096818e-17
735.9935060240326 5.202124e-17
736.2536122299729 5.3696807e-17
736.5137184359131 5.6931394e-17
736.7738246418534 5.729589e-17
737.0339308477936 5.7309673e-17
737.2940370537339 5.7508045e-17
737.5541432596741 5.640247e-17
737.8142494656144 5.292487e-17
738.0743556715546 5.0340634e-17
738.3344618774948 4.969697e-17
738.5945680834351 5.0007965e-17
738.8546742893753 5.0755528e-17
739.1147804953156 5.110613e-17
739.3748867012558 5.146052e-17
739.6349929071961 5.3347045e-17
739.8950991131363 5.5102613e-17
740.1552053190766 5.442246e-17
740.4153115250168 5.359276e-17
740.6754177309571 5.3048893e-17
740.9355239368973 5.1480264e-17
741.1956301428376 4.8670295e-17
741.4557363487778 4.7753067e-17
741.715842554718 4.7680596e-17
741.9759487606583 4.758925e-17
742.2360549665985 4.7842244e-17
742.4961611725388 4.8489642e-17
742.756267378479 4.9105736e-17
743.0163735844193 4.957529e-17
743.2764797903595 5.0681045e-17
743.5365859962998 5.148005e-17
743.79669220224 5.1098265e-17
744.0567984081803 5.0393342e-17
744.3169046141205 4.9874958e-17
744.5770108200608 4.9053137e-17
744.837117026001 4.802159e-17
745.0972232319413 4.7944804e-17
745.3573294378815 4.8388494e-17
745.6174356438218 4.897781e-17
745.877541849762 4.9579393e-17
746.1376480557022 5.0306796e-17
746.3977542616425 5.0926615e-17
746.6578604675827 5.1655143e-17
746.917966673523 5.2808653e-17
747.1780728794632 5.3485343e-17
747.4381790854035 5.385817e-17
747.6982852913437 5.4544548e-17
747.958391497284 5.5162862e-17
748.2184977032242 5.4271423e-17
748.4786039091645 5.3245484e-17
748.7387101151047 5.2194852e-17
748.998816321045 5.091266e-17
749.2589225269852 4.9476055e-17
749.5190287329254 4.8803332e-17
749.7791349388657 4.8787857e-17
750.0392411448059 4.881211e-17
750.2993473507462 4.8503522e-17
750.5594535566864 4.812091e-17
750.8195597626267 4.765014e-17
751.0796659685669 4.7433405e-17
751.3397721745072 4.7627597e-17
751.5998783804474 4.9034913e-17
751.8599845863877 5.3169893e-17
752.1200907923279 5.6801507e-17
752.3801969982682 5.819464e-17
752.6403032042084 5.904621e-17
752.9004094101487 5.858915e-17
753.1605156160889 5.533487e-17
753.4206218220291 5.1391848e-17
753.6807280279694 5.0119287e-17
753.9408342339096 4.9155704e-17
754.2009404398499 4.829248e-17
754.4610466457901 4.7945513e-17
754.7211528517304 4.7788706e-17
754.9812590576706 4.7533563e-17
755.2413652636109 4.8136793e-17
755.5014714695511 4.885742e-17
755.7615776754914 4.912795e-17
756.0216838814316 4.9331404e-17
756.2817900873719 4.9733894e-17
756.5418962933121 5.1263493e-17
756.8020024992524 5.361773e-17
757.0621087051926 5.4594453e-17
757.3222149111328 5.4692785e-17
757.5823211170731 5.4241462e-17
757.8424273230133 5.260335e-17
758.1025335289536 5.006575e-17
758.3626397348938 4.8775297e-17
758.6227459408341 4.8051855e-17
758.8828521467743 4.5901007e-17
759.1429583527146 4.2010607e-17
759.4030645586548 3.6946985e-17
759.6631707645951 3.0844854e-17
759.9232769705353 2.4589697e-17
760.1833831764756 1.9791638e-17
760.4434893824158 1.7177118e-17
760.703595588356 1.5880334e-17
760.9637017942963 1.6431091e-17
761.2238080002365 1.9729315e-17
761.4839142061768 2.410522e-17
761.744020412117 2.6907881e-17
762.0041266180573 2.84256e-17
762.2642328239975 2.913203e-17
762.5243390299378 2.833794e-17
762.784445235878 2.5694554e-17
763.0445514418183 2.3915848e-17
763.3046576477585 2.3468973e-17
763.5647638536988 2.3148995e-17
763.824870059639 2.2845486e-17
764.0849762655793 2.3379353e-17
764.3450824715195 2.4504218e-17
764.6051886774598 2.6119257e-17
764.8652948834 2.8042915e-17
765.1254010893402 2.9898986e-17
765.3855072952805 3.1718777e-17
765.6456135012207 3.3895827e-17
765.905719707161 3.6032365e-17
766.1658259131012 3.7217562e-17
766.4259321190415 3.8640822e-17
766.6860383249817 3.9747246e-17
766.946144530922 4.0980255e-17
767.2062507368622 4.1281663e-17
767.4663569428025 4.2225684e-17
767.7264631487427 4.3130497e-17
767.986569354683 4.3825832e-17
768.2466755606232 4.4558105e-17
768.5067817665634 4.5006606e-17
768.7668879725037 4.5502458e-17
769.0269941784439 4.576577e-17
769.2871003843842 4.599886e-17
769.5472065903244 4.623644e-17
769.8073127962647 4.6363235e-17
770.0674190022049 4.6148545e-17
770.3275252081452 4.6367844e-17
770.5876314140854 4.8860328e-17
770.8477376200257 5.3596605e-17
771.1078438259659 5.933567e-17
771.3679500319062 6.36788e-17
771.6280562378464 6.501387e-17
771.8881624437867 6.389307e-17
772.1482686497269 6.027377e-17
772.4083748556671 5.516671e-17
772.6684810616074 5.0282665e-17
772.9285872675476 4.8744043e-17
773.1886934734879 4.8358223e-17
773.4487996794281 4.7696726e-17
773.7089058853684 4.7400123e-17
773.9690120913086 4.756777e-17
774.2291182972489 4.9429342e-17
774.4892245031891 5.59538e-17
774.7493307091294 6.2257186e-17
775.0094369150696 6.4246946e-17
775.2695431210099 6.5709157e-17
775.5296493269501 6.735892e-17
775.7897555328904 6.304368e-17
776.0498617388306 5.6228555e-17
776.3099679447708 5.3667806e-17
776.5700741507111 5.3263175e-17
776.8301803566513 5.2586095e-17
777.0902865625916 5.2148536e-17
777.3503927685318 5.2775407e-17
777.6104989744721 5.392483e-17
777.8706051804123 5.4036914e-17
778.1307113863526 5.2677303e-17
778.3908175922928 5.170803e-17
778.6509237982331 5.3294433e-17
778.9110300041733 5.723764e-17
779.1711362101136 5.997172e-17
779.4312424160538 6.032337e-17
779.691348621994 5.9870466e-17
779.9514548279343 5.834557e-17
780.2115610338745 5.4660472e-17
780.4716672398148 5.213893e-17
780.731773445755 5.1900915e-17
780.9918796516953 5.223117e-17
781.2519858576355 5.330094e-17
781.5120920635758 5.700506e-17
781.772198269516 6.113942e-17
782.0323044754563 6.26096e-17
782.2924106813965 6.268658e-17
782.5525168873368 6.186662e-17
782.812623093277 5.775301e-17
783.0727292992173 5.1247075e-17
783.3328355051575 4.828896e-17
783.5929417110978 4.9120827e-17
783.853047917038 5.0398077e-17
784.1131541229782 5.0908235e-17
784.3732603289185 5.190226e-17
784.6333665348587 5.550558e-17
784.893472740799 6.030526e-17
785.1535789467392 6.272181e-17
785.4136851526795 6.5140586e-17
785.6737913586197 6.728973e-17
785.93389756456 6.5692944e-17
786.1940037705002 6.0812955e-17
786.4541099764405 5.911188e-17
786.7142161823807 5.953967e-17
786.974322388321 5.7388864e-17
787.2344285942612 5.658228e-17
787.4945348002014 5.690068e-17
787.7546410061417 5.5467036e-17
788.0147472120819 5.2780003e-17
788.2748534180222 5.3135594e-17
788.5349596239624 5.528345e-17
788.7950658299027 5.520125e-17
789.0551720358429 5.355808e-17
789.3152782417832 5.2270178e-17
789.5753844477234 5.044253e-17
789.8354906536637 4.73573e-17
790.0955968596039 4.5356527e-17
790.3557030655442 4.5749547e-17
790.6158092714844 5.0510282e-17
790.8759154774247 5.982922e-17
791.1360216833649 6.64733e-17
791.3961278893051 6.99586e-17
791.6562340952454 7.291518e-17
791.9163403011856 7.15708e-17
792.1764465071259 6.348773e-17
792.4365527130661 5.645565e-17
792.6966589190064 5.4760422e-17
792.9567651249466 5.2035646e-17
793.2168713308869 4.9652254e-17
793.4769775368271 4.8753168e-17
793.7370837427674 4.7788907e-17
793.9971899487076 4.5969577e-17
794.2572961546479 4.6003408e-17
794.5174023605881 4.7479112e-17
794.7775085665284 4.8378747e-17
795.0376147724686 4.8491323e-17
795.2977209784088 4.8303043e-17
795.5578271843491 4.825938e-17
795.8179333902893 5.1204234e-17
796.0780395962296 5.649543e-17
796.3381458021698 5.950065e-17
796.5982520081101 6.0410496e-17
796.8583582140503 6.0082204e-17
797.1184644199906 5.754842e-17
797.3785706259308 5.319779e-17
797.6386768318711 5.112062e-17
797.8987830378113 5.071747e-17
798.1588892437516 5.0523752e-17
798.4189954496918 5.0995542e-17
798.679101655632 5.3568637e-17
798.9392078615723 5.7977096e-17
799.1993140675125 5.9826e-17
799.4594202734528 6.0073436e-17
799.719526479393 5.916848e-17
799.9796326853333 5.5303254e-17
800.2397388912735 4.7854483e-17
800.4998450972138 4.4157717e-17
800.759951303154 4.4484854e-17
801.0200575090943 4.5865173e-17
801.2801637150345 4.6631017e-17
801.5402699209748 4.7433766e-17
801.800376126915 4.9446716e-17
802.0604823328553 5.288944e-17
802.3205885387955 5.502662e-17
802.5806947447358 5.529012e-17
802.840800950676 5.4988314e-17
803.1009071566162 5.3391408e-17
803.3610133625565 4.9597624e-17
803.6211195684967 4.5344036e-17
803.881225774437 4.3468533e-17
804.1413319803772 4.276444e-17
804.4014381863175 4.3044206e-17
804.6615443922577 4.3908193e-17
804.921650598198 4.4613136e-17
805.1817568041382 4.5008667e-17
805.4418630100787 4.6012074e-17
805.7019692160189 4.8003488e-17
805.9620754219592 4.8661404e-17
806.2221816278994 4.8345765e-17
806.4822878338397 4.8204132e-17
806.7423940397799 4.7575766e-17
807.0025002457202 4.569448e-17
807.2626064516604 4.3990633e-17
807.5227126576007 4.3238435e-17
807.7828188635409 4.299836e-17
808.0429250694812 4.2787244e-17
808.3030312754214 4.2622853e-17
808.5631374813617 4.257961e-17
808.8232436873019 4.2822637e-17
809.0833498932421 4.2929665e-17
809.3434560991824 4.2977813e-17
809.6035623051226 4.328362e-17
809.8636685110629 4.3793367e-17
810.1237747170031 4.3790114e-17
810.3838809229434 4.3442318e-17
810.6439871288836 4.3247484e-17
810.9040933348239 4.2754987e-17
811.1641995407641 4.166093e-17
811.4243057467044 4.1100203e-17
811.6844119526446 4.0851234e-17
811.9445181585849 4.072355e-17
812.2046243645251 4.0654637e-17
812.4647305704653 4.0347197e-17
812.7248367764056 3.9856487e-17
812.9849429823458 3.932741e-17
813.2450491882861 3.90183e-17
813.5051553942263 3.8609343e-17
813.7652616001666 3.8223318e-17
814.0253678061068 3.8083392e-17
814.2854740120471 3.790346e-17
814.5455802179873 3.7440557e-17
814.8056864239276 3.6843554e-17
815.0657926298678 3.6406237e-17
815.3258988358081 3.6191018e-17
815.5860050417483 3.5663416e-17
815.8461112476886 3.5028134e-17
816.1062174536288 3.472788e-17
816.366323659569 3.4478258e-17
816.6264298655093 3.427472e-17
816.8865360714495 3.4584587e-17
817.1466422773898 3.498637e-17
817.40674848333 3.4878544e-17
817.6668546892703 3.5012186e-17
817.9269608952105 3.535641e-17
818.1870671011508 3.535213e-17
818.447173307091 3.5560253e-17
818.7072795130313 3.60999e-17
818.9673857189715 3.659255e-17
819.2274919249118 3.6435288e-17
819.487598130852 3.612527e-17
819.7477043367923 3.6375347e-17
820.0078105427325 3.6990475e-17
820.2679167486727 3.7610916e-17
820.528022954613 3.8268575e-17
820.7881291605532 3.8966447e-17
821.0482353664935 3.9318e-17
821.3083415724337 3.9059085e-17
821.568447778374 3.8522082e-17
821.8285539843142 3.78591e-17
822.0886601902545 3.6848762e-17
822.3487663961947 3.5036668e-17
822.608872602135 3.3314342e-17
822.8689788080752 3.245108e-17
823.1290850140155 3.241881e-17
823.3891912199557 3.3101197e-17
823.649297425896 3.4816128e-17
823.9094036318362 3.6410396e-17
824.1695098377764 3.7796973e-17
824.4296160437167 3.8494153e-17
824.6897222496569 3.8689616e-17
824.9498284555972 3.8631813e-17
825.2099346615374 3.8386362e-17
825.4700408674777 3.8180033e-17
825.7301470734179 3.7916437e-17
825.9902532793582 3.8072758e-17
826.2503594852984 3.8327027e-17
826.5104656912387 3.866283e-17
826.7705718971789 3.8622466e-17
827.0306781031192 3.8685222e-17
827.2907843090594 3.971465e-17
827.5508905149997 4.2020702e-17
827.8109967209399 4.4889878e-17
828.0711029268801 4.8618493e-17
828.3312091328204 5.3175223e-17
828.5913153387606 5.6186514e-17
828.8514215447009 5.608596e-17
829.1115277506411 5.6484405e-17
829.3716339565814 5.919502e-17
829.6317401625216 5.959777e-17
829.8918463684619 5.6930004e-17
830.1519525744021 5.5468472e-17
830.4120587803424 5.3633435e-17
830.6721649862826 4.942484e-17
830.9322711922229 4.5116998e-17
831.1923773981631 4.3281448e-17
831.4524836041033 4.2510923e-17
831.7125898100436 4.1184353e-17
831.9726960159838 3.951194e-17
832.2328022219241 3.8483883e-17
832.4929084278643 3.8120228e-17
832.7530146338046 3.8061475e-17
833.0131208397448 3.8232384e-17
833.2732270456851 3.8816552e-17
833.5333332516253 4.2093057e-17
833.7934394575656 5.2132456e-17
834.0535456635058 6.604305e-17
834.3136518694461 7.554005e-17
834.5737580753863 8.0881734e-17
834.8338642813266 8.383088e-17
835.0939704872668 7.941539e-17
835.354076693207 6.603266e-17
835.6141828991473 5.604e-17
835.8742891050875 5.224164e-17
836.1343953110278 4.8934493e-17
836.394501516968 4.585174e-17
836.6546077229083 4.4853233e-17
836.9147139288485 4.4264334e-17
837.1748201347888 4.320896e-17
837.434926340729 4.2819233e-17
837.6950325466693 4.4795132e-17
837.9551387526095 4.6720782e-17
838.2152449585498 4.7695188e-17
838.47535116449 4.8032773e-17
838.7354573704303 4.748979e-17
838.9955635763705 4.7255442e-17
839.2556697823107 5.1808383e-17
839.515775988251 6.0150734e-17
839.7758821941912 6.6063005e-17
840.0359884001315 6.7898684e-17
840.2960946060717 6.6845484e-17
840.556200812012 6.158182e-17
840.8163070179522 5.3301335e-17
841.0764132238925 4.8430515e-17
841.3365194298327 4.8143162e-17
841.596625635773 4.841531e-17
841.8567318417132 4.878344e-17
842.1168380476535 4.9627194e-17
842.3769442535937 5.4123956e-17
842.637050459534 6.383889e-17
842.8971566654742 6.9159896e-17
843.1572628714144 7.113208e-17
843.4173690773547 7.015004e-17
843.6774752832949 6.416732e-17
843.9375814892352 5.2864418e-17
844.1976876951754 4.5922057e-17
844.4577939011157 4.4502486e-17
844.7179001070559 4.6322544e-17
844.9780063129962 4.834619e-17
845.2381125189364 4.9151942e-17
845.4982187248767 4.9527697e-17
845.7583249308169 5.1473117e-17
846.0184311367572 5.564417e-17
846.2785373426974 5.940958e-17
846.5386435486377 6.1098816e-17
846.7987497545779 6.1399314e-17
847.0588559605181 5.951793e-17
847.3189621664584 5.393203e-17
847.5790683723986 4.6273853e-17
847.8391745783389 4.261644e-17
848.0992807842791 4.123604e-17
848.3593869902194 4.0643764e-17
848.6194931961596 4.1031067e-17
848.8795994020999 4.2787628e-17
849.1397056080401 4.3833717e-17
849.3998118139804 4.413699e-17
849.6599180199206 4.5089235e-17
849.9200242258609 4.7751062e-17
850.1801304318011 4.954519e-17
850.4402366377414 5.0018917e-17
850.7003428436816 5.022924e-17
850.9604490496218 4.9459078e-17
851.2205552555621 4.6865165e-17
851.4806614615023 4.3424252e-17
851.7407676674426 4.119599e-17
852.0008738733828 4.0602326e-17
852.2609800793231 4.055594e-17
852.5210862852633 4.072502e-17
852.7811924912036 4.0640204e-17
853.0412986971438 4.0635876e-17
853.3014049030841 4.070575e-17
853.5615111090243 4.0533144e-17
853.8216173149646 3.949401e-17
854.0817235209048 3.8997397e-17
854.341829726845 3.980677e-17
854.6019359327853 4.0750864e-17
854.8620421387255 4.1392025e-17
855.1221483446658 4.230618e-17
855.382254550606 4.2925148e-17
855.6423607565463 4.2407343e-17
855.9024669624865 4.119627e-17
856.1625731684268 4.072067e-17
856.422679374367 4.0614753e-17
856.6827855803073 4.057279e-17
856.9428917862475 4.0666978e-17
857.2029979921878 4.055811e-17
857.463104198128 4.0459048e-17
857.7232104040683 4.0364587e-17
857.9833166100085 4.038514e-17
858.2434228159487 4.0703232e-17
858.503529021889 4.1206118e-17
858.7636352278292 4.154598e-17
859.0237414337695 4.1894104e-17
859.2838476397097 4.235052e-17
859.54395384565 4.2647543e-17
859.8040600515902 4.2395895e-17
860.0641662575305 4.229744e-17
860.3242724634707 4.2127792e-17
860.584378669411 4.1819836e-17
860.8444848753512 4.181397e-17
861.1045910812915 4.2271967e-17
861.3646972872317 4.3332445e-17
861.624803493172 4.4878082e-17
861.8849096991122 4.701528e-17
862.1450159050524 4.9463568e-17
862.4051221109927 5.2037376e-17
862.6652283169329 5.433399e-17
862.9253345228732 5.608004e-17
863.1854407288134 5.675113e-17
863.4455469347537 5.608309e-17
863.7056531406939 5.4576943e-17
863.9657593466342 5.2510937e-17
864.2258655525744 5.045998e-17
864.4859717585147 4.935698e-17
864.7460779644549 4.9761793e-17
865.0061841703952 5.092651e-17
865.2662903763354 5.257622e-17
865.5263965822757 5.4206856e-17
865.7865027882159 5.4328872e-17
866.0466089941561 5.3815444e-17
866.3067152000964 5.335511e-17
866.5668214060366 5.245124e-17
866.8269276119769 5.160281e-17
867.0870338179171 5.106569e-17
867.3471400238574 5.056965e-17
867.6072462297976 4.9608146e-17
867.8673524357379 4.8501517e-17
868.1274586416781 4.733991e-17
868.3875648476184 4.6308565e-17
868.6476710535586 4.513054e-17
868.9077772594989 4.4395525e-17
869.1678834654391 4.3872293e-17
869.4279896713794 4.3480057e-17
869.6880958773196 4.322301e-17
869.9482020832598 4.3367607e-17
870.2083082892001 4.3468202e-17
870.4684144951403 4.3672486e-17
870.7285207010806 4.360247e-17
870.9886269070208 4.3299037e-17
871.2487331129611 4.2929244e-17
871.5088393189013 4.2524588e-17
871.7689455248416 4.2088716e-17
872.0290517307818 4.1999126e-17
872.2891579367221 4.1994242e-17
872.5492641426623 4.2015944e-17
872.8093703486026 4.204374e-17
873.0694765545428 4.201305e-17
873.329582760483 4.1996264e-17
873.5896889664233 4.2014343e-17
873.8497951723635 4.220446e-17
874.1099013783038 4.22711e-17
874.370007584244 4.2379775e-17
874.6301137901843 4.2469474e-17
874.8902199961245 4.2549367e-17
875.1503262020648 4.3357913e-17
875.410432408005 4.604003e-17
875.6705386139453 5.1620633e-17
875.9306448198855 5.8463207e-17
876.1907510258258 6.5825835e-17
876.450857231766 7.41499e-17
876.7109634377063 7.852184e-17
876.9710696436465 7.8069975e-17
877.2311758495867 7.8467035e-17
877.491282055527 8.08828e-17
877.7513882614672 7.86659e-17
878.0114944674075 7.413275e-17
878.2716006733477 7.139251e-17
878.531706879288 6.7128155e-17
878.7918130852282 6.0514165e-17
879.0519192911685 5.433598e-17
879.3120254971087 5.1595037e-17
879.572131703049 5.0162072e-17
879.8322379089892 4.861639e-17
880.0923441149295 4.6108675e-17
880.3524503208697 4.366715e-17
880.61255652681 4.2823825e-17
880.8726627327502 4.2643612e-17
881.1327689386904 4.2676124e-17
881.3928751446307 4.2756314e-17
881.6529813505709 4.3840162e-17
881.9130875565112 4.782014e-17
882.1731937624514 6.040871e-17
882.4332999683917 8.064398e-17
882.6934061743319 9.4553256e-17
882.9535123802722 1.03034894e-16
883.2136185862124 1.08349464e-16
883.4737247921527 1.0533805e-16
883.7338309980929 8.962369e-17
883.9939372040332 7.450465e-17
884.2540434099734 6.626018e-17
884.5141496159137 5.996501e-17
884.7742558218539 5.427761e-17
885.0343620277941 5.0941915e-17
885.2944682337344 4.944626e-17
885.5545744396746 4.8625587e-17
885.8146806456149 4.7595946e-17
886.0747868515551 4.678299e-17
886.3348930574954 4.8425952e-17
886.5949992634356 5.172817e-17
886.8551054693759 5.3400716e-17
887.1152116753161 5.3855268e-17
887.3753178812564 5.3266937e-17
887.6354240871966 5.1067368e-17
887.8955302931369 5.058081e-17
888.1556364990771 5.794322e-17
888.4157427050174 7.065215e-17
888.6758489109576 7.802285e-17
888.9359551168978 8.106017e-17
889.1960613228381 7.997688e-17
889.4561675287783 7.282745e-17
889.7162737347186 6.127388e-17
889.9763799406588 5.579875e-17
890.2364861465991 5.60705e-17
890.4965923525393 5.674902e-17
890.7566985584796 5.6876674e-17
891.0168047644198 5.635938e-17
891.2769109703601 5.610679e-17
891.5370171763003 6.077041e-17
891.7971233822406 7.185629e-17
892.0572295881808 7.915416e-17
892.317335794121 8.179152e-17
892.5774420000613 8.104651e-17
892.8375482060015 7.3216476e-17
893.0976544119418 5.8821e-17
893.357760617882 4.8076197e-17
893.6178668238223 4.4067296e-17
893.8779730297625 4.715889e-17
